0.00261543 0.00988674 0.146159 0.267009 0.574331
9.9982E-05 0.000103525 9.9982E-05 0.0030206 0.996676
9.997E-05 9.997E-05 9.997E-05 9.997E-05 0.9996
9.997E-05 9.997E-05 9.997E-05 9.997E-05 0.9996
9.997E-05 9.997E-05 9.997E-05 9.997E-05 0.9996
9.997E-05 9.997E-05 9.997E-05 9.997E-05 0.9996
0.0770657 0.0310942 0.251809 0.584104 0.0559274
9.9973E-05 9.9973E-05 0.994613 9.9973E-05 0.00508702
0.981328 9.9973E-05 0.0183725 9.9973E-05 9.9973E-05
0.863899 9.9982E-05 0.0767148 0.0591859 9.9982E-05
0.0417048 9.9982E-05 0.949771 9.9982E-05 0.00832438
0.354907 9.9982E-05 0.616788 9.9982E-05 0.0281053
0.433911 0.00881233 0.532569 0.0151301 0.00957749
0.937888 9.9991E-05 0.0087838 0.0248853 0.0283433
0.0303467 9.9991E-05 0.905844 0.0386486 0.0250609
9.997E-05 9.997E-05 0.9996 9.997E-05 9.997E-05
9.9973E-05 9.9973E-05 0.983803 0.0158967 9.9973E-05
0.0309929 9.9973E-05 0.968707 9.9973E-05 9.9973E-05
0.014014 9.9973E-05 0.985686 9.9973E-05 9.9973E-05
0.0253106 9.9973E-05 0.974389 9.9973E-05 9.9973E-05
0.939199 9.9973E-05 0.0605008 9.9973E-05 9.9973E-05
0.0546968 9.9973E-05 0.945003 9.9973E-05 9.9973E-05
0.0415149 9.9973E-05 0.958185 9.9973E-05 9.9973E-05
0.0393148 9.9991E-05 0.897169 0.0403629 0.0230533
0.153344 9.9973E-05 0.846356 9.9973E-05 9.9973E-05
0.0313419 9.9973E-05 0.968358 9.9973E-05 9.9973E-05
9.9973E-05 9.9973E-05 0.974506 0.0251941 9.9973E-05
9.997E-05 9.997E-05 0.9996 9.997E-05 9.997E-05
0.0342014 9.9982E-05 0.947416 9.9982E-05 0.0181827
9.997E-05 9.997E-05 0.9996 9.997E-05 9.997E-05
0.023126 9.9991E-05 0.0504042 0.918624 0.00774533
0.0260068 9.9973E-05 0.973693 9.9973E-05 9.9973E-05
9.997E-05 9.997E-05 0.9996 9.997E-05 9.997E-05
9.997E-05 9.997E-05 0.9996 9.997E-05 9.997E-05
9.9982E-05 0.00137392 0.991916 0.0065099 9.9982E-05
9.9973E-05 9.9973E-05 0.979708 0.0199919 9.9973E-05
0.0471191 9.9991E-05 0.892534 0.0340868 0.0261602
0.9996 9.997E-05 9.997E-05 9.997E-05 9.997E-05
9.9973E-05 9.9973E-05 0.0269365 0.972764 9.9973E-05
0.0795092 9.9973E-05 0.920191 9.9973E-05 9.9973E-05
0.101609 0.00687813 0.874029 0.00665102 0.0108336
9.9991E-05 0.0252532 0.072638 0.824379 0.0776299
0.841272 9.9991E-05 0.0827848 0.0745902 0.00125289
0.029279 0.0436238 0.0580837 0.805934 0.0630798
9.997E-05 9.997E-05 0.9996 9.997E-05 9.997E-05
0.9996 9.997E-05 9.997E-05 9.997E-05 9.997E-05
0.15434 9.9991E-05 0.100237 0.732882 0.0124411
0.0653167 0.00109186 0.0560397 0.868722 0.00883016
0.101506 0.00346945 0.884459 0.00875731 0.00180817
0.169332 9.9991E-05 0.726848 0.0714856 0.0322347
0.898843 0.018296 0.0258136 0.0569474 9.9991E-05
9.997E-05 9.997E-05 0.9996 9.997E-05 9.997E-05
0.973422 0.00161759 0.0247606 9.9982E-05 9.9982E-05
0.100069 0.000958944 0.882118 0.0167538 9.9991E-05
0.0967092 0.142245 0.178294 0.489056 0.0936954
0.058249 9.9982E-05 0.92818 9.9982E-05 0.0133715
9.997E-05 0.9996 9.997E-05 9.997E-05 9.997E-05
0.00248393 0.937146 0.0250212 0.0252062 0.0101424
9.9982E-05 0.180946 0.736764 0.0820901 9.9982E-05
0.0947111 0.000988213 0.890035 0.0141653 9.9991E-05
0.0778191 0.485923 0.118713 0.25571 0.0618355
0.952569 9.9982E-05 0.0351644 0.0120664 9.9982E-05
0.599434 0.072258 0.159696 0.123673 0.0449401
0.685521 0.0254642 0.0741622 0.137131 0.0777214
0.864864 9.9991E-05 0.0673419 0.0517813 0.0159127
0.656739 0.00430439 0.312874 0.0228104 0.00327229
0.893009 9.9982E-05 0.0750097 9.9982E-05 0.0317811
0.573184 0.020384 0.28785 0.0862864 0.0322951
0.855087 9.9991E-05 0.0425741 0.0808263 0.0214124
0.231829 0.0942074 0.138016 0.530931 0.00501655
0.0107135 0.0767444 0.304161 0.56128 0.047102
0.00408483 0.0253153 0.0443568 0.873089 0.0531539
9.997E-05 9.997E-05 9.997E-05 0.9996 9.997E-05
0.0345836 9.9991E-05 0.0550689 0.906814 0.00343371
9.9991E-05 0.0268982 0.0496756 0.84638 0.0769466
0.00686251 9.9991E-05 0.138614 0.826073 0.0283508
0.0380866 0.0646774 0.0266963 0.815019 0.055521
9.9973E-05 9.9973E-05 0.992591 0.00710866 9.9973E-05
9.997E-05 9.997E-05 0.9996 9.997E-05 9.997E-05
9.997E-05 9.997E-05 9.997E-05 0.9996 9.997E-05
9.9991E-05 0.00764775 0.0321145 0.00611722 0.954021
9.9982E-05 0.0100692 0.0156568 9.9982E-05 0.974074
0.00647127 9.9982E-05 9.9982E-05 0.0316529 0.961676
9.9982E-05 0.0152588 9.9982E-05 0.02632 0.958221
0.0140269 9.9982E-05 9.9982E-05 0.0359504 0.949823
0.0443319 0.00544564 9.9991E-05 0.0386848 0.911438
0.0321459 0.026234 9.9991E-05 0.102703 0.838817
0.0262258 0.0253075 0.00211016 0.115067 0.83129
0.0245841 9.9991E-05 0.0219547 0.0601412 0.89322
9.9973E-05 9.9973E-05 9.9973E-05 0.0152782 0.984422
9.9973E-05 9.9973E-05 9.9973E-05 0.00310234 0.996598
9.997E-05 9.997E-05 9.997E-05 9.997E-05 0.9996
9.997E-05 9.997E-05 9.997E-05 9.997E-05 0.9996
9.9991E-05 0.0120021 0.00442783 0.0182042 0.965266
9.9991E-05 0.0120576 0.02043 0.0120727 0.95534
0.00577008 0.0192051 0.0220334 0.0645313 0.88846
9.9991E-05 0.00893216 0.0201705 0.0584114 0.912386
9.997E-05 9.997E-05 9.997E-05 9.997E-05 0.9996
9.9973E-05 9.9973E-05 9.9973E-05 0.0233142 0.976386
9.9982E-05 0.0117692 9.9982E-05 0.0808159 0.907215
0.00446988 9.9982E-05 9.9982E-05 0.000786642 0.994544
9.997E-05 9.997E-05 9.997E-05 9.997E-05 0.9996
9.997E-05 9.997E-05 9.997E-05 9.997E-05 0.9996
9.997E-05 9.997E-05 9.997E-05 9.997E-05 0.9996
0.00218774 9.9973E-05 9.9973E-05 9.9973E-05 0.997512
9.9982E-05 0.00643037 0.0089883 9.9982E-05 0.984381
9.997E-05 9.997E-05 9.997E-05 9.997E-05 0.9996
9.9973E-05 0.00375806 9.9973E-05 9.9973E-05 0.995942
9.997E-05 9.997E-05 9.997E-05 9.997E-05 0.9996
9.997E-05 9.997E-05 9.997E-05 9.997E-05 0.9996
0.0314525 0.00935272 9.9991E-05 0.009432 0.949663
0.0370391 0.00410226 0.00493538 0.0139591 0.939964
0.0319092 0.00975748 9.9991E-05 0.00587275 0.952361
0.439974 9.9982E-05 0.0153542 9.9982E-05 0.544472
0.446847 9.9973E-05 9.9973E-05 9.9973E-05 0.552853
9.997E-05 9.997E-05 9.997E-05 9.997E-05 0.9996
9.9973E-05 9.9973E-05 9.9973E-05 0.0161469 0.983553
9.9982E-05 9.9982E-05 0.00970951 0.0228189 0.967272
0.00241446 9.9982E-05 0.0133281 9.9982E-05 0.984057
9.997E-05 9.997E-05 9.997E-05 9.997E-05 0.9996
9.997E-05 9.997E-05 9.997E-05 9.997E-05 0.9996
0.449605 9.9973E-05 9.9973E-05 9.9973E-05 0.550095
9.9973E-05 9.9973E-05 0.000209232 9.9973E-05 0.999491
0.0292055 0.0158146 0.0120916 0.0267986 0.91609
0.0254896 0.00540156 9.9991E-05 0.0668805 0.902128
9.9982E-05 0.0243009 0.016817 9.9982E-05 0.958682
9.9982E-05 0.00773953 9.9982E-05 0.00814171 0.983919
9.9973E-05 9.9973E-05 9.9973E-05 0.0102118 0.989488
9.9973E-05 9.9973E-05 9.9973E-05 0.0289334 0.970767
0.00809594 0.0102988 0.00477979 0.0193368 0.957489
9.9982E-05 9.9982E-05 0.00108985 0.0147782 0.983932
0.0112434 0.0178561 0.00325642 0.0574432 0.910201
9.9982E-05 0.00442758 9.9982E-05 0.0853199 0.910053
0.447204 9.9973E-05 9.9973E-05 9.9973E-05 0.552496
9.997E-05 9.997E-05 9.997E-05 9.997E-05 0.9996
9.9973E-05 9.9973E-05 9.9973E-05 0.0226109 0.977089
0.699562 0.134956 0.010173 0.155209 9.9991E-05
0.00687423 9.9991E-05 0.0287541 0.00151678 0.962755
9.997E-05 9.997E-05 9.997E-05 9.997E-05 0.9996
9.997E-05 9.997E-05 9.997E-05 9.997E-05 0.9996
0.0831504 0.0751517 0.0137715 0.0726024 0.755324
9.9991E-05 0.0201262 0.0293348 0.0289773 0.921462
9.997E-05 9.997E-05 9.997E-05 9.997E-05 0.9996
9.997E-05 9.997E-05 9.997E-05 9.997E-05 0.9996
9.9982E-05 0.0249421 9.9982E-05 0.0079248 0.966933
9.997E-05 9.997E-05 9.997E-05 9.997E-05 0.9996
9.997E-05 9.997E-05 9.997E-05 9.997E-05 0.9996
9.997E-05 9.997E-05 9.997E-05 9.997E-05 0.9996
9.997E-05 9.997E-05 9.997E-05 9.997E-05 0.9996
9.997E-05 9.997E-05 9.997E-05 9.997E-05 0.9996
9.997E-05 9.997E-05 9.997E-05 9.997E-05 0.9996
9.997E-05 9.997E-05 9.997E-05 9.997E-05 0.9996
0.00331033 9.9973E-05 9.9973E-05 9.9973E-05 0.99639
0.945108 0.00103457 0.0124988 9.9991E-05 0.0412585
0.351397 0.0334191 0.463885 0.0907486 0.0605505
9.997E-05 9.997E-05 9.997E-05 9.997E-05 0.9996
0.00656022 9.9973E-05 9.9973E-05 9.9973E-05 0.99314
9.997E-05 9.997E-05 9.997E-05 9.997E-05 0.9996
9.9991E-05 0.0141362 0.021207 0.00653103 0.958026
0.664063 0.030455 0.24724 9.9991E-05 0.0581418
9.9982E-05 0.0233116 9.9982E-05 0.0109744 0.965514
9.9973E-05 9.9973E-05 9.9973E-05 0.015341 0.984359
9.9982E-05 0.030864 9.9982E-05 0.0105671 0.958369
9.9973E-05 9.9973E-05 9.9973E-05 0.0260001 0.9737
9.9973E-05 9.9973E-05 9.9973E-05 0.018349 0.981351
9.9991E-05 0.0113551 0.0159507 0.00875328 0.963841
9.997E-05 9.997E-05 9.997E-05 9.997E-05 0.9996
0.00282846 9.9991E-05 0.00211444 0.000215591 0.994742
9.9973E-05 9.9973E-05 9.9973E-05 0.00169058 0.99801
9.997E-05 9.997E-05 9.997E-05 9.997E-05 0.9996
9.997E-05 9.997E-05 9.997E-05 9.997E-05 0.9996
0.70068 9.9991E-05 0.252273 0.0129521 0.0339946
9.997E-05 9.997E-05 9.997E-05 9.997E-05 0.9996
9.997E-05 9.997E-05 9.997E-05 9.997E-05 0.9996
9.9991E-05 0.0100587 0.0151402 0.0226614 0.95204
0.473427 9.9973E-05 9.9973E-05 9.9973E-05 0.526274
9.997E-05 9.997E-05 9.997E-05 9.997E-05 0.9996
0.506436 9.99912E-05 0.0435048 0.0200686 0.429891
9.9982E-05 0.00173223 0.00659269 9.9982E-05 0.991475
0.0496565 0.0591345 0.328052 0.512505 0.0506521
9.997E-05 0.9996 9.997E-05 9.997E-05 9.997E-05
0.919901 0.0255199 0.0274667 9.9991E-05 0.027012
9.9973E-05 0.982595 9.9973E-05 9.9973E-05 0.0171048
9.9973E-05 0.991407 0.00829329 9.9973E-05 9.9973E-05
0.00152028 0.948285 0.0408748 0.001339 0.00798133
0.105872 0.725114 0.0268374 0.0848043 0.0573725
9.9982E-05 0.515558 0.482075 0.00216668 9.9982E-05
9.997E-05 0.9996 9.997E-05 9.997E-05 9.997E-05
9.9973E-05 0.986553 9.9973E-05 9.9973E-05 0.0131466
0.13035 0.137145 0.358071 0.323233 0.0511999
9.997E-05 0.9996 9.997E-05 9.997E-05 9.997E-05
0.0886038 0.0452039 0.273312 0.540862 0.0520182
9.9982E-05 0.915104 0.0411035 9.9982E-05 0.0435927
9.9991E-05 0.929393 0.0309364 0.000500385 0.0390697
9.9982E-05 0.973034 0.007617 9.9982E-05 0.0191493
0.142828 0.383772 0.320194 0.0922094 0.0609962
9.9991E-05 0.948857 0.00321727 0.0319609 0.0158645
9.9982E-05 0.973892 9.9982E-05 0.0144909 0.011417
0.0130657 9.9982E-05 9.9982E-05 0.00631396 0.98042
0.985278 0.00912489 0.00539716 9.9982E-05 9.9982E-05
0.048467 0.0447754 0.222053 0.613084 0.0716198
0.0218958 0.0693662 0.308292 0.558746 0.0416997
9.997E-05 0.9996 9.997E-05 9.997E-05 9.997E-05
9.9973E-05 0.997119 9.9973E-05 9.9973E-05 0.00258131
9.997E-05 0.9996 9.997E-05 9.997E-05 9.997E-05
9.997E-05 0.9996 9.997E-05 9.997E-05 9.997E-05
9.997E-05 0.9996 9.997E-05 9.997E-05 9.997E-05
9.997E-05 0.9996 9.997E-05 9.997E-05 9.997E-05
9.9991E-05 0.951507 0.0292502 0.0135776 0.0055651
0.88577 9.9991E-05 0.0696283 0.0232355 0.0212658
0.00190933 0.963716 0.00486726 0.00282347 0.0266842
9.9991E-05 0.157862 0.774645 0.049746 0.0176468
9.9982E-05 0.157871 0.753895 0.0880339 9.9982E-05
9.9991E-05 0.348123 0.564671 0.0383816 0.0487239
9.9991E-05 0.0617515 0.81392 0.117206 0.00702262
9.9982E-05 0.168902 0.738342 0.0925564 9.9982E-05
9.9991E-05 0.0842425 0.767899 0.131437 0.0163224
0.0704099 0.0368325 0.239697 0.610713 0.0423479
9.9982E-05 0.163435 0.714017 0.122348 9.9982E-05
0.102526 0.659935 0.0328994 0.108256 0.0963838
0.864548 0.0513797 0.0214535 0.0625188 9.9991E-05
0.48442 0.0418633 0.38577 0.075646 0.0123005
9.9991E-05 0.0513461 0.845011 0.0962743 0.00726878
9.9982E-05 0.993126 0.000880279 0.00579331 9.9982E-05
9.9991E-05 0.0705498 0.781716 0.123994 0.0236405
9.9991E-05 0.0689216 0.776962 0.128088 0.0259283
9.997E-05 0.9996 9.997E-05 9.997E-05 9.997E-05
9.9982E-05 0.993065 0.0022272 0.00450786 9.9982E-05
9.9991E-05 0.134905 0.766162 0.0976881 0.00114484
9.99737E-05 0.56234 9.99737E-05 0.43736 9.99737E-05
9.997E-05 0.9996 9.997E-05 9.997E-05 9.997E-05
9.99912E-05 0.526704 0.0984075 0.348535 0.0262535
0.0197825 9.9973E-05 0.979918 9.9973E-05 9.9973E-05
0.84217 0.0598768 0.0196202 0.0782334 9.9991E-05
0.934653 9.9982E-05 0.0392816 9.9982E-05 0.0258659
0.0450354 0.872521 9.9991E-05 0.0598063 0.0225375
0.130272 9.9991E-05 0.0711368 0.778379 0.0201123
0.0698648 9.9991E-05 0.0506035 0.868399 0.0110326
0.0849185 9.9982E-05 0.901526 9.9982E-05 0.0133556
0.165322 0.0630807 0.00582669 0.640183 0.125587
0.16886 0.0465658 9.9991E-05 0.670128 0.114346
0.0384031 0.0379459 0.0510533 0.784716 0.0878821
9.9991E-05 0.00233218 0.890176 0.0861345 0.0212574
9.9973E-05 9.9973E-05 0.99178 0.0079198 9.9973E-05
0.151458 9.9991E-05 0.0573952 0.776939 0.0141077
0.02639 9.9973E-05 0.97331 9.9973E-05 9.9973E-05
0.174183 9.9982E-05 0.0614139 0.764203 9.9982E-05
0.256912 0.0629859 0.258095 0.346453 0.075554
9.9982E-05 0.960056 9.9982E-05 0.0304216 0.00932283
9.9982E-05 0.00595394 0.99223 0.00161643 9.9982E-05
0.197897 0.0897657 0.0281842 0.571156 0.112998
9.9973E-05 9.9973E-05 0.926146 0.0735542 9.9973E-05
0.150803 0.0601792 0.0540158 0.646736 0.0882661
9.9991E-05 0.215752 0.729879 0.0535638 0.000705247
9.9973E-05 9.9973E-05 0.966202 0.0334984 9.9973E-05
9.9991E-05 0.034129 0.0823818 0.82443 0.0589593
9.9982E-05 0.0156418 9.9982E-05 0.0700805 0.914078
9.9982E-05 0.0126947 9.9982E-05 0.0146044 0.972501
9.9973E-05 9.9973E-05 9.9973E-05 0.00374984 0.99595
0.071682 0.0849224 0.0103835 0.0668741 0.766138
0.80382 0.142957 0.0365124 9.9991E-05 0.0166098
0.804207 9.9982E-05 0.0916737 0.103919 9.9982E-05
9.9982E-05 9.9982E-05 0.059881 0.891404 0.0485151
0.161115 9.9991E-05 0.818224 0.018083 0.00247789
9.9982E-05 9.9982E-05 0.975367 0.0160462 0.00838661
9.997E-05 9.997E-05 9.997E-05 0.9996 9.997E-05
9.997E-05 9.997E-05 9.997E-05 0.9996 9.997E-05
0.593463 0.0239308 0.326563 0.0496067 0.00643699
0.0639347 0.0168297 0.0194208 0.838464 0.061351
0.848317 0.0354288 0.0311446 0.0464091 0.038701
0.233303 9.9991E-05 0.626121 0.0929838 0.0474923
0.864158 0.0025627 0.0348929 0.0887335 0.00965252
0.967034 0.010122 9.9991E-05 0.0080538 0.0146906
9.997E-05 9.997E-05 9.997E-05 0.9996 9.997E-05
0.873827 0.0374829 9.9991E-05 0.0573337 0.031256
0.968488 0.00512527 9.9991E-05 0.0242307 0.00205645
0.0654192 0.0823851 0.0299713 0.738729 0.0834951
9.997E-05 9.997E-05 9.997E-05 0.9996 9.997E-05
0.891273 9.9982E-05 0.0790232 0.0295038 9.9982E-05
0.891932 9.9982E-05 0.0223333 0.0855344 9.9982E-05
0.152662 9.9991E-05 0.0979487 0.737782 0.0115071
0.9996 9.997E-05 9.997E-05 9.997E-05 9.997E-05
0.0787036 9.9982E-05 0.07962 0.841476 9.9982E-05
0.0103438 0.0557759 0.0118321 0.857589 0.0644593
0.839546 0.00664569 0.149683 0.00402602 9.9991E-05
0.886538 0.00169485 0.0365087 0.0320146 0.0432434
0.880754 9.9991E-05 0.0470204 0.0233479 0.0487774
0.556468 0.00877278 0.212173 0.162303 0.0602832
0.90491 9.9991E-05 0.0319204 0.0504843 0.0125849
0.883911 9.9982E-05 0.0513392 0.0645498 9.9982E-05
0.872795 9.9982E-05 0.0706881 0.0563172 9.9982E-05
0.785584 0.0050796 0.115376 0.073032 0.0209289
0.00303399 0.0426555 0.0247873 0.862322 0.0672011
0.890919 9.9991E-05 0.0484139 0.0586226 0.00194424
9.99734E-05 9.99734E-05 0.426748 0.572952 9.99734E-05
9.997E-05 9.997E-05 9.997E-05 0.9996 9.997E-05
0.803676 9.9973E-05 0.196024 9.9973E-05 9.9973E-05
0.00392664 0.00795257 0.97581 0.0122111 9.9991E-05
9.997E-05 9.997E-05 9.997E-05 0.9996 9.997E-05
9.997E-05 9.997E-05 0.9996 9.997E-05 9.997E-05
9.997E-05 9.997E-05 0.9996 9.997E-05 9.997E-05
9.997E-05 9.997E-05 0.9996 9.997E-05 9.997E-05
9.9973E-05 0.0043644 0.995336 9.9973E-05 9.9973E-05
9.9973E-05 9.9973E-05 0.984413 9.9973E-05 0.0152867
0.0273254 0.00148344 0.970991 9.9982E-05 9.9982E-05
0.9996 9.997E-05 9.997E-05 9.997E-05 9.997E-05
9.997E-05 9.997E-05 0.9996 9.997E-05 9.997E-05
0.0873528 0.00725887 0.894767 9.9991E-05 0.010521
0.87933 9.9982E-05 0.071107 0.0493632 9.9982E-05
0.925624 9.9982E-05 0.0253021 0.0488743 9.9982E-05
0.071342 0.00597963 0.901456 9.9991E-05 0.0211223
0.0285084 0.00186742 0.969424 9.9982E-05 9.9982E-05
0.0960481 9.9982E-05 0.898337 9.9982E-05 0.00541463
0.0433007 9.9973E-05 0.956399 9.9973E-05 9.9973E-05
9.997E-05 9.997E-05 0.9996 9.997E-05 9.997E-05
0.190973 0.0537489 0.0198299 0.608319 0.127129
0.632035 9.9982E-05 0.34023 0.0275349 9.9982E-05
9.997E-05 9.997E-05 9.997E-05 0.9996 9.997E-05
9.997E-05 9.997E-05 9.997E-05 0.9996 9.997E-05
0.851864 0.0043049 0.0272675 0.0748921 0.0416716
0.657322 0.0309724 0.0585753 0.181306 0.0718244
0.045566 0.045217 0.0256959 0.833388 0.0501335
0.175922 0.0882159 0.0408625 0.606119 0.08888
0.442132 0.100009 0.0529678 0.370972 0.0339195
0.0868228 0.0243425 9.99911E-05 0.783117 0.105618
9.997E-05 9.997E-05 9.997E-05 0.9996 9.997E-05
0.107192 0.0203758 0.149321 0.661961 0.0611501
0.121018 9.9982E-05 0.0523138 0.826468 9.9982E-05
0.0909365 0.0682425 0.00957063 0.771245 0.0600049
0.0358125 9.9991E-05 0.0376572 0.915159 0.0112712
0.265171 0.0695048 0.560107 0.0975015 0.00771512
9.997E-05 9.997E-05 9.997E-05 0.9996 9.997E-05
9.997E-05 9.997E-05 9.997E-05 0.9996 9.997E-05
0.0305206 9.9991E-05 0.0316947 0.929295 0.00838989
0.0443774 0.0304106 0.0270202 0.844377 0.0538151
0.152076 0.0564919 0.0101789 0.654275 0.126978
0.0515938 0.116997 0.0301653 0.696058 0.105185
0.0286565 9.9991E-05 0.0371193 0.909985 0.0241389
0.041756 0.0399205 0.0274313 0.812958 0.0779344
9.9973E-05 9.9973E-05 0.0195959 0.980104 9.9973E-05
0.9996 9.997E-05 9.997E-05 9.997E-05 9.997E-05
0.555897 0.0138999 0.337012 0.0675913 0.0255989
0.661776 0.0179096 0.0579037 0.187298 0.0751133
9.9982E-05 9.9982E-05 0.967536 0.0306844 0.00157991
9.9973E-05 9.9973E-05 0.947317 0.0523828 9.9973E-05
9.9982E-05 9.9982E-05 0.0641322 0.910648 0.0250203
0.0641978 0.0224902 0.734363 0.138318 0.0406317
0.0417466 0.0993601 0.0534816 0.720299 0.0851125
0.0557247 0.0976546 0.0204103 0.739366 0.0868442
0.124 0.413233 0.0297618 0.29836 0.134645
0.072552 0.137504 0.0157954 0.676877 0.0972718
0.178825 0.042813 9.9991E-05 0.648589 0.129673
9.997E-05 9.997E-05 9.997E-05 0.9996 9.997E-05
9.997E-05 9.997E-05 9.997E-05 0.9996 9.997E-05
9.997E-05 9.997E-05 9.997E-05 0.9996 9.997E-05
9.997E-05 9.997E-05 9.997E-05 0.9996 9.997E-05
0.170809 0.116957 0.0708858 0.513628 0.127721
0.0965242 9.9982E-05 0.863757 0.0395188 9.9982E-05
0.195025 0.0917393 0.079842 0.519282 0.114112
9.9982E-05 9.9982E-05 0.898061 0.100664 0.0010743
9.9973E-05 9.9973E-05 0.919831 0.0798694 9.9973E-05
9.997E-05 9.997E-05 9.997E-05 0.9996 9.997E-05
0.973754 9.9982E-05 9.9982E-05 0.00956468 0.0164818
0.0753811 0.00425251 0.865702 0.0444861 0.0101781
9.9973E-05 9.9973E-05 0.998077 0.00162327 9.9973E-05
0.0956812 0.75432 0.00932054 0.0701894 0.070489
0.159432 0.4727 0.046118 0.253916 0.0678337
9.997E-05 0.9996 9.997E-05 9.997E-05 9.997E-05
0.156138 0.484507 0.0433586 0.256728 0.0592692
0.801839 0.0550278 0.0547055 0.0883275 9.9991E-05
0.0821971 0.113035 0.0346299 0.657331 0.112807
9.9973E-05 9.9973E-05 0.969694 0.030006 9.9973E-05
0.0154732 0.0755469 0.00378915 0.837987 0.0672034
0.157688 0.353841 9.9991E-05 0.395929 0.0924418
0.149413 0.350046 0.00833864 0.390983 0.10122
0.887424 9.9991E-05 0.052148 0.0571823 0.00314609
9.9982E-05 0.981474 9.9982E-05 0.0144042 0.00392197
0.0163977 0.918361 0.041043 0.0240984 9.9991E-05
0.0667979 0.805625 0.00396525 0.0763673 0.0472442
0.00120611 0.978994 0.0196004 9.9982E-05 9.9982E-05
9.9973E-05 0.998311 9.9973E-05 0.00138946 9.9973E-05
9.997E-05 0.9996 9.997E-05 9.997E-05 9.997E-05
0.0641816 0.916266 9.9982E-05 9.9982E-05 0.0193528
9.997E-05 0.9996 9.997E-05 9.997E-05 9.997E-05
0.01007 0.98963 9.9973E-05 9.9973E-05 9.9973E-05
9.9973E-05 0.965824 9.9973E-05 0.0338757 9.9973E-05
0.00960411 0.990096 9.9973E-05 9.9973E-05 9.9973E-05
0.120124 0.709732 0.00287846 0.0961316 0.071133
9.997E-05 0.9996 9.997E-05 9.997E-05 9.997E-05
9.997E-05 0.9996 9.997E-05 9.997E-05 9.997E-05
0.0364169 0.51717 0.189775 0.226456 0.0301826
9.997E-05 0.9996 9.997E-05 9.997E-05 9.997E-05
0.00406256 0.990478 9.9982E-05 9.9982E-05 0.00525898
9.9982E-05 0.992489 0.00133741 0.00597391 9.9982E-05
0.103425 0.632431 0.0363932 0.170023 0.0577281
9.9982E-05 0.981091 9.9982E-05 0.018568 0.000141402
0.00708324 0.992617 9.9973E-05 9.9973E-05 9.9973E-05
0.137298 0.700633 0.0288016 0.0480134 0.0852538
0.371639 0.0816349 0.110951 0.282531 0.153244
9.9973E-05 0.998813 0.000886951 9.9973E-05 9.9973E-05
9.9991E-05 0.311478 0.272014 0.376354 0.0400537
9.997E-05 0.9996 9.997E-05 9.997E-05 9.997E-05
9.997E-05 0.9996 9.997E-05 9.997E-05 9.997E-05
9.997E-05 0.9996 9.997E-05 9.997E-05 9.997E-05
0.0127234 0.986977 9.9973E-05 9.9973E-05 9.9973E-05
9.997E-05 0.9996 9.997E-05 9.997E-05 9.997E-05
0.0362137 0.845844 9.9991E-05 0.057455 0.0603875
0.136506 0.704944 0.0167264 0.0768841 0.0649402
0.0291093 0.0356239 0.216184 0.640489 0.0785938
9.997E-05 0.9996 9.997E-05 9.997E-05 9.997E-05
9.9973E-05 0.991522 0.00817811 9.9973E-05 9.9973E-05
9.997E-05 0.9996 9.997E-05 9.997E-05 9.997E-05
9.997E-05 0.9996 9.997E-05 9.997E-05 9.997E-05
0.121218 0.279577 0.223843 0.338942 0.03642
0.007962 0.946985 0.0198119 0.0223043 0.00293695
0.0158716 0.955527 9.9982E-05 9.9982E-05 0.0284011
9.997E-05 0.9996 9.997E-05 9.997E-05 9.997E-05
0.206941 0.0925974 0.385478 0.280339 0.034644
0.27693 0.174383 0.292179 0.0795704 0.176938
0.0717607 0.191608 0.298237 0.40831 0.0300848
0.0846455 0.117899 0.0284537 0.66452 0.104481
0.00275769 9.9991E-05 0.0789574 0.852227 0.0659578
0.141196 0.661425 0.0251168 0.0634279 0.108834
0.0895816 0.775605 9.9991E-05 0.0655769 0.0691363
0.05819 0.842385 9.9991E-05 0.0688617 0.0304636
0.0926934 0.762129 9.9991E-05 0.100715 0.0443633
0.0501534 0.0830553 0.335396 0.487116 0.0442791
0.136836 0.679318 0.0351939 0.0813203 0.0673322
0.698345 0.00540203 0.195619 0.0580703 0.0425645
0.544848 0.0306536 0.0742796 0.338398 0.0118208
0.0743445 0.0215308 0.138274 0.70738 0.0584714
0.109368 0.465582 0.0957987 0.0969007 0.232351
0.119782 0.045838 0.244885 0.52061 0.0688841
0.47004 9.9982E-05 0.018644 9.9982E-05 0.511116
0.0805195 0.080492 0.00830824 0.0675453 0.763135
0.135105 0.0261804 0.243647 0.576037 0.0190306
0.114401 0.462784 0.10879 0.127027 0.186999
0.157189 0.659648 0.0319804 0.068058 0.0831252
0.125816 0.652638 0.0567525 0.0842079 0.0805852
0.9996 9.997E-05 9.997E-05 9.997E-05 9.997E-05
0.0375594 9.9973E-05 0.962141 9.9973E-05 9.9973E-05
9.9982E-05 9.9982E-05 0.98848 0.0100776 0.00124217
0.849961 0.00603084 0.0351356 0.0468748 0.0619977
0.981623 0.0168039 9.9982E-05 0.00137292 9.9982E-05
0.120432 9.9973E-05 0.879268 9.9973E-05 9.9973E-05
0.9996 9.997E-05 9.997E-05 9.997E-05 9.997E-05
0.39567 0.0189033 0.442592 0.105895 0.0369401
0.918506 9.9982E-05 0.0220708 0.0592238 9.9982E-05
0.0231077 9.9991E-05 0.935784 0.0178585 0.0231503
0.390391 0.0230294 0.563763 0.0186268 0.00418957
0.223613 9.9982E-05 0.741271 9.9982E-05 0.0349162
9.997E-05 9.997E-05 9.997E-05 0.9996 9.997E-05
0.179036 0.0402063 9.9991E-05 0.650903 0.129755
0.022045 9.9982E-05 0.976224 0.00153095 9.9982E-05
9.9973E-05 9.9973E-05 0.976377 0.023323 9.9973E-05
9.997E-05 9.997E-05 9.997E-05 9.997E-05 0.9996
9.9973E-05 9.9973E-05 9.9973E-05 0.00514783 0.994552
9.9991E-05 0.0109754 0.0113153 0.0565723 0.921037
9.9991E-05 0.00919488 0.0170278 0.0167892 0.956888
9.9982E-05 0.01576 9.9982E-05 0.0228461 0.961194
0.000188651 0.00103556 9.9982E-05 9.9982E-05 0.998576
0.162313 0.230429 0.112836 0.0169684 0.477454
0.83951 0.0684851 0.00338889 0.0885162 9.9991E-05
9.9973E-05 0.00634033 9.9973E-05 9.9973E-05 0.99336
9.997E-05 9.997E-05 9.997E-05 9.997E-05 0.9996
9.997E-05 9.997E-05 9.997E-05 9.997E-05 0.9996
0.219033 9.9991E-05 0.258621 0.0450847 0.477161
0.00435412 9.9973E-05 9.9973E-05 9.9973E-05 0.995346
9.997E-05 9.997E-05 9.997E-05 9.997E-05 0.9996
9.997E-05 9.997E-05 9.997E-05 9.997E-05 0.9996
9.997E-05 9.997E-05 9.997E-05 9.997E-05 0.9996
9.9982E-05 0.0112316 9.9982E-05 0.0480089 0.94056
0.152351 0.513256 0.0660482 0.210978 0.0573672
0.0392677 0.0136257 0.835955 0.0990235 0.0121276
0.861572 9.9991E-05 0.0906438 0.0155807 0.0321032
0.262911 9.9991E-05 0.677037 0.0283876 0.0315641
0.318415 0.2567 0.243074 0.0895515 0.092259
0.347215 0.302068 0.0135346 0.244565 0.0926166
0.301742 0.347756 0.0211344 0.230556 0.0988113
0.228556 0.178057 0.0657509 0.41034 0.117296
0.273947 0.324064 0.0516728 0.252925 0.0973918
0.278079 0.336532 0.0242898 0.260175 0.100924
0.263066 0.286791 0.0146592 0.340983 0.0945
0.334312 0.270793 0.0445639 0.239412 0.110918
0.302521 0.290019 0.0512813 0.283878 0.0723002
0.346519 0.285087 0.0363249 0.243455 0.0886142
0.327654 0.278328 0.0223535 0.269525 0.102139
0.375579 0.259906 0.00712912 0.261594 0.0957918
