9.9991E-05 0.125774 0.0347622 0.00808702 0.566737 0.264541
9.9973E-05 9.9973E-05 9.9973E-05 0.00131265 0.995612 0.00277552
9.996E-05 9.996E-05 9.996E-05 9.996E-05 0.9995 9.996E-05
9.996E-05 9.996E-05 9.996E-05 9.996E-05 0.9995 9.996E-05
9.996E-05 9.996E-05 9.996E-05 9.996E-05 0.9995 9.996E-05
9.996E-05 9.996E-05 9.996E-05 9.996E-05 0.9995 9.996E-05
9.999E-05 0.242873 0.0968701 0.0242713 0.0568667 0.579019
9.9964E-05 0.993849 9.9964E-05 9.9964E-05 0.00575161 9.9964E-05
0.156239 0.0166318 0.826829 9.9973E-05 9.9973E-05 9.9973E-05
0.986024 0.0135763 9.9964E-05 9.9964E-05 9.9964E-05 9.9964E-05
9.9973E-05 0.950547 0.0400614 9.9973E-05 0.00909188 9.9973E-05
0.105738 0.609394 0.266652 9.9982E-05 0.0180165 9.9982E-05
0.178328 0.520467 0.279787 0.0100687 0.00768756 0.00366151
0.249461 9.99868E-05 0.719577 9.99868E-05 0.0172308 0.0135308
0.00238762 0.8975 0.0369296 9.9991E-05 0.0220377 0.0410447
9.996E-05 0.9995 9.996E-05 9.996E-05 9.996E-05 9.996E-05
0.00544245 0.980779 9.9973E-05 9.9973E-05 9.9973E-05 0.0134791
0.00729689 0.962839 0.0295645 9.9973E-05 9.9973E-05 9.9973E-05
0.0156033 0.983997 9.9964E-05 9.9964E-05 9.9964E-05 9.9964E-05
9.9964E-05 0.969446 0.0301546 9.9964E-05 9.9964E-05 9.9964E-05
0.15028 0.0503936 0.799027 9.9973E-05 9.9973E-05 9.9973E-05
9.9964E-05 0.930302 0.0692985 9.9964E-05 9.9964E-05 9.9964E-05
9.9964E-05 0.955339 0.044261 9.9964E-05 9.9964E-05 9.9964E-05
0.00378011 0.893312 0.0373798 9.9991E-05 0.0294173 0.0360107
0.0214987 0.852299 0.125903 9.9973E-05 9.9973E-05 9.9973E-05
9.9964E-05 0.961029 0.0385715 9.9964E-05 9.9964E-05 9.9964E-05
9.9964E-05 0.97063 9.9964E-05 9.9964E-05 9.9964E-05 0.0289704
9.996E-05 0.9995 9.996E-05 9.996E-05 9.996E-05 9.996E-05
9.9973E-05 0.940813 0.0424624 9.9973E-05 0.016425 9.9973E-05
9.996E-05 0.9995 9.996E-05 9.996E-05 9.996E-05 9.996E-05
0.0624034 0.0317486 9.9973E-05 9.9973E-05 9.9973E-05 0.905548
0.0150714 0.973898 0.00978376 0.00104733 9.9982E-05 9.9982E-05
0.0165521 0.983048 9.9964E-05 9.9964E-05 9.9964E-05 9.9964E-05
0.00543541 0.994165 9.9964E-05 9.9964E-05 9.9964E-05 9.9964E-05
9.9973E-05 0.989962 9.9973E-05 9.9973E-05 0.00202379 0.00771394
0.0152276 0.974219 9.9973E-05 9.9973E-05 9.9973E-05 0.0102537
0.034912 0.879302 0.0216964 9.9991E-05 0.0278819 0.0361072
0.159755 9.9964E-05 0.839845 9.9964E-05 9.9964E-05 9.9964E-05
9.9964E-05 0.0268129 9.9964E-05 9.9964E-05 9.9964E-05 0.972787
0.056523 0.91142 0.0317571 9.9973E-05 9.9973E-05 9.9973E-05
0.12954 0.860183 9.9982E-05 0.00491989 0.00515706 9.9982E-05
0.00649357 0.0704126 9.9991E-05 0.0208677 0.0784359 0.82369
0.972917 0.0193216 9.9973E-05 9.9973E-05 9.9973E-05 0.00746133
0.0209821 0.0568917 0.0275145 0.0376896 0.0610549 0.795867
9.9964E-05 0.998922 0.000678203 9.9964E-05 9.9964E-05 9.9964E-05
0.0795402 9.9964E-05 0.92006 9.9964E-05 9.9964E-05 9.9964E-05
0.18867 0.0791479 9.9982E-05 9.9982E-05 0.0154778 0.716504
0.0889526 0.0406804 9.9982E-05 9.9982E-05 0.0135927 0.856574
0.132166 0.862393 9.9973E-05 0.00514053 9.9973E-05 9.9973E-05
0.167019 0.712284 0.0212251 9.9991E-05 0.0316032 0.0677683
0.251343 0.0144676 0.678878 0.012352 9.9991E-05 0.0428593
0.00368978 0.99591 9.9964E-05 9.9964E-05 9.9964E-05 9.9964E-05
0.182549 0.00945881 0.807692 9.9973E-05 9.9973E-05 9.9973E-05
0.133356 0.861454 9.9982E-05 0.00142971 9.9982E-05 0.00356068
9.9991E-05 0.173839 0.113581 0.142088 0.0904776 0.479915
0.0206841 0.920055 0.0417473 9.9982E-05 0.017314 9.9982E-05
9.996E-05 9.996E-05 9.996E-05 0.9995 9.996E-05 9.996E-05
0.020452 0.022973 9.9991E-05 0.931984 0.0114717 0.0130193
9.9973E-05 0.738763 9.9973E-05 0.186075 9.9973E-05 0.0748615
0.131277 0.862908 9.9982E-05 0.00392491 9.9982E-05 0.0016906
0.0145329 0.11558 0.0749143 0.481764 0.0626077 0.2506
0.9995 9.996E-05 9.996E-05 9.996E-05 9.996E-05 9.996E-05
0.230851 0.156838 0.396914 0.0662792 0.0399728 0.109146
0.138347 0.0687301 0.581033 0.0133314 0.0667189 0.131839
0.983363 0.000865753 9.9973E-05 9.9973E-05 0.0154709 9.9973E-05
0.632326 0.266733 0.0831084 0.0176332 9.9982E-05 9.9982E-05
0.20211 0.0612451 0.719219 9.9982E-05 0.0172258 9.9982E-05
0.508965 0.257057 0.123601 0.0318277 0.0328884 0.0456614
0.793722 9.9982E-05 0.159969 9.9982E-05 0.0213611 0.0247488
9.9991E-05 0.115248 0.289815 0.0767538 0.000600987 0.517482
9.9991E-05 0.287295 0.0438264 0.0684025 0.0461387 0.554237
0.0291468 0.0286173 0.00119241 0.027405 0.0508166 0.862822
9.996E-05 9.996E-05 9.996E-05 9.996E-05 9.996E-05 0.9995
0.065384 0.0357073 9.9973E-05 9.9973E-05 9.9973E-05 0.898609
9.9982E-05 0.0528516 9.9982E-05 0.0234713 0.0750306 0.848447
0.0450526 0.117832 9.9982E-05 9.9982E-05 0.0229253 0.81399
9.9991E-05 0.0182298 0.0563616 0.0626556 0.0545502 0.808103
0.0182292 0.977478 9.9973E-05 9.9973E-05 9.9973E-05 0.00399262
0.00530719 0.994293 9.9964E-05 9.9964E-05 9.9964E-05 9.9964E-05
9.996E-05 9.996E-05 9.996E-05 9.996E-05 9.996E-05 0.9995
9.9982E-05 0.0312285 9.9982E-05 0.00794742 0.955667 0.00495725
9.9982E-05 0.00965874 9.9982E-05 0.0108359 0.975614 0.00369149
0.00678397 9.9982E-05 0.00297553 9.9982E-05 0.961509 0.0285319
9.9982E-05 0.000293239 9.9982E-05 0.0166896 0.953398 0.0294192
0.00340731 9.9982E-05 0.00674138 9.9982E-05 0.953283 0.0363688
0.022617 9.9991E-05 0.0217345 0.0110364 0.906791 0.0377216
9.9982E-05 9.9982E-05 0.0400086 0.0217402 0.840758 0.097293
9.9982E-05 9.9982E-05 0.0348583 0.0242172 0.830925 0.1098
0.0183461 0.0173175 0.00761202 9.9991E-05 0.898808 0.0578159
9.9973E-05 9.9973E-05 9.9973E-05 0.0056522 0.987376 0.00667157
9.9964E-05 9.9964E-05 9.9964E-05 9.9964E-05 0.994939 0.00466069
9.996E-05 9.996E-05 9.996E-05 9.996E-05 0.9995 9.996E-05
9.996E-05 9.996E-05 9.996E-05 9.996E-05 0.9995 9.996E-05
9.9982E-05 0.00796075 9.9982E-05 0.00932398 0.966917 0.0155987
9.9982E-05 0.00995388 9.9982E-05 0.0103244 0.965828 0.0136933
0.000860146 0.0231612 0.000494402 0.0125053 0.891077 0.0719014
9.9991E-05 0.0132525 0.00049429 0.0153218 0.91071 0.0601209
9.996E-05 9.996E-05 9.996E-05 9.996E-05 0.9995 9.996E-05
9.9964E-05 9.9964E-05 9.9964E-05 9.9964E-05 0.971349 0.0282509
9.9973E-05 9.9973E-05 9.9973E-05 0.0109743 0.904383 0.0843431
9.9973E-05 9.9973E-05 0.00647477 9.9973E-05 0.993062 0.000163422
9.996E-05 9.996E-05 9.996E-05 9.996E-05 0.9995 9.996E-05
9.996E-05 9.996E-05 9.996E-05 9.996E-05 0.9995 9.996E-05
0.00277744 9.9964E-05 9.9964E-05 9.9964E-05 0.996823 9.9964E-05
0.00129187 9.9973E-05 9.9973E-05 0.00713477 0.991273 9.9973E-05
9.9973E-05 0.00866454 9.9973E-05 0.00610125 0.984934 9.9973E-05
9.996E-05 9.996E-05 9.996E-05 9.996E-05 0.9995 9.996E-05
9.9964E-05 9.9964E-05 9.9964E-05 0.00295989 0.99664 9.9964E-05
9.996E-05 9.996E-05 9.996E-05 9.996E-05 0.9995 9.996E-05
9.996E-05 9.996E-05 9.996E-05 9.996E-05 0.9995 9.996E-05
9.9982E-05 9.9982E-05 0.0402067 0.00178943 0.947366 0.0104381
9.9982E-05 9.9982E-05 0.0431189 0.00629903 0.935749 0.0146335
9.9982E-05 9.9982E-05 0.0352003 0.0074426 0.949871 0.0072864
9.9973E-05 0.00354856 0.464032 9.9973E-05 0.53212 9.9973E-05
9.9964E-05 9.9964E-05 0.465626 9.9964E-05 0.533975 9.9964E-05
9.996E-05 9.996E-05 9.996E-05 9.996E-05 0.9995 9.996E-05
9.9964E-05 9.9964E-05 9.9964E-05 9.9964E-05 0.980434 0.0191657
0.00717379 0.00307099 9.9982E-05 9.9982E-05 0.966258 0.0232972
9.9973E-05 0.00409345 0.0206308 9.9973E-05 0.974976 9.9973E-05
9.996E-05 9.996E-05 9.996E-05 9.996E-05 0.9995 9.996E-05
9.996E-05 9.996E-05 9.996E-05 9.996E-05 0.9995 9.996E-05
9.9964E-05 9.9964E-05 0.466227 9.9964E-05 0.533373 9.9964E-05
9.996E-05 9.996E-05 9.996E-05 9.996E-05 0.9995 9.996E-05
0.0151542 0.0210273 0.0176955 0.00869248 0.918944 0.0184867
0.00403174 9.9991E-05 0.0222958 0.00603729 0.908373 0.0591622
9.9973E-05 0.0137435 9.9973E-05 0.0269329 0.959024 9.9973E-05
9.9964E-05 9.9964E-05 9.9964E-05 9.9964E-05 0.984216 0.0153845
9.9964E-05 9.9964E-05 9.9964E-05 9.9964E-05 0.991162 0.00843767
9.9973E-05 0.00547861 9.9973E-05 9.9973E-05 0.965188 0.029033
0.00596715 9.9991E-05 0.00311981 0.0128385 0.95625 0.0217241
9.9973E-05 0.00436561 9.9973E-05 9.9973E-05 0.985225 0.0101093
0.0022506 0.00971082 0.00716344 0.0192618 0.902897 0.0587159
9.9973E-05 9.9973E-05 9.9973E-05 0.000450909 0.909 0.0902489
9.9964E-05 9.9964E-05 0.462955 9.9964E-05 0.536645 9.9964E-05
9.996E-05 9.996E-05 9.996E-05 9.996E-05 0.9995 9.996E-05
9.9964E-05 9.9964E-05 9.9964E-05 9.9964E-05 0.980681 0.0189192
9.9973E-05 9.9973E-05 0.747568 0.112572 9.9973E-05 0.139559
9.9991E-05 0.0228514 0.021888 0.00173132 0.952935 0.000494211
0.000146685 9.9964E-05 9.9964E-05 9.9964E-05 0.999453 9.9964E-05
9.996E-05 9.996E-05 9.996E-05 9.996E-05 0.9995 9.996E-05
0.0271034 0.0125975 0.0659768 0.0730579 0.752207 0.0690575
0.0019688 0.0188011 9.9991E-05 0.0184472 0.923719 0.0369636
9.996E-05 9.996E-05 9.996E-05 9.996E-05 0.9995 9.996E-05
0.00203258 9.9964E-05 9.9964E-05 9.9964E-05 0.997568 9.9964E-05
9.9973E-05 9.9973E-05 9.9973E-05 0.0283151 0.963185 0.00820044
9.996E-05 9.996E-05 9.996E-05 9.996E-05 0.9995 9.996E-05
9.996E-05 9.996E-05 9.996E-05 9.996E-05 0.9995 9.996E-05
9.996E-05 9.996E-05 9.996E-05 9.996E-05 0.9995 9.996E-05
0.00156258 9.9973E-05 9.9973E-05 9.9973E-05 0.997442 0.000695665
9.996E-05 9.996E-05 9.996E-05 9.996E-05 0.9995 9.996E-05
9.9973E-05 0.00147819 9.9973E-05 9.9973E-05 0.995199 0.00302241
9.996E-05 9.996E-05 9.996E-05 9.996E-05 0.9995 9.996E-05
0.00390253 9.9964E-05 9.9964E-05 9.9964E-05 0.995698 9.9964E-05
0.0817201 0.0163515 0.879207 9.9982E-05 0.0225216 9.9982E-05
0.134822 0.465215 0.230848 0.0352289 0.0610017 0.0728836
9.996E-05 9.996E-05 9.996E-05 9.996E-05 0.9995 9.996E-05
0.00487915 9.9964E-05 9.9964E-05 9.9964E-05 0.994721 9.9964E-05
9.9964E-05 9.9964E-05 9.9964E-05 0.00279486 0.996805 9.9964E-05
9.9982E-05 0.0117573 0.0144537 0.0111557 0.962433 9.9982E-05
0.0550108 0.238137 0.640186 0.0111625 0.0554044 9.9991E-05
9.9991E-05 0.00763836 0.000562275 0.0206666 0.965575 0.00545779
9.99641E-05 9.99641E-05 9.99641E-05 9.99641E-05 0.985862 0.0137381
9.9991E-05 0.000799667 0.00138611 0.0301412 0.953348 0.0142252
9.9964E-05 9.9964E-05 9.9964E-05 9.9964E-05 0.978249 0.0213516
0.00180313 9.9973E-05 9.9973E-05 9.9973E-05 0.977912 0.0199851
0.00723894 0.0177077 9.9982E-05 0.00964255 0.965211 9.9982E-05
9.996E-05 9.996E-05 9.996E-05 9.996E-05 0.9995 9.996E-05
0.01278 9.9964E-05 9.9964E-05 9.9964E-05 0.98682 9.9964E-05
0.00221019 9.9964E-05 9.9964E-05 9.9964E-05 0.99739 9.9964E-05
9.996E-05 9.996E-05 9.996E-05 9.996E-05 0.9995 9.996E-05
0.00580262 9.9964E-05 9.9964E-05 9.9964E-05 0.993798 9.9964E-05
0.101311 0.246282 0.617675 9.9991E-05 0.0231306 0.0115011
9.996E-05 9.996E-05 9.996E-05 9.996E-05 0.9995 9.996E-05
9.996E-05 9.996E-05 9.996E-05 9.996E-05 0.9995 9.996E-05
9.9982E-05 0.0191465 9.9982E-05 0.00531809 0.953436 0.0218999
9.9964E-05 9.9964E-05 0.493187 9.9964E-05 0.506413 9.9964E-05
9.9973E-05 0.00300826 9.9973E-05 9.9973E-05 0.994313 0.00237887
9.99824E-05 0.0201541 0.528613 9.99824E-05 0.426568 0.0244647
9.9964E-05 0.000473488 9.9964E-05 9.9964E-05 0.999127 9.9964E-05
9.9991E-05 0.307337 0.091331 0.0542913 0.0412084 0.505732
9.996E-05 9.996E-05 9.996E-05 0.9995 9.996E-05 9.996E-05
0.149596 0.0198193 0.802648 0.00986583 0.0179718 9.9991E-05
0.00565935 9.9973E-05 9.9973E-05 0.981969 0.0120718 9.9973E-05
9.9973E-05 9.9973E-05 0.0103422 0.986426 0.0029315 9.9973E-05
9.9991E-05 0.0283988 0.0122238 0.942415 0.00933381 0.00752824
0.0235791 0.028114 0.0894103 0.722116 0.0589516 0.0778289
9.9973E-05 0.476004 9.9973E-05 0.51603 9.9973E-05 0.00766558
0.00311273 9.9964E-05 9.9964E-05 0.996487 9.9964E-05 9.9964E-05
0.00218253 9.9973E-05 9.9973E-05 0.981725 0.0157922 9.9973E-05
0.0556301 0.355594 0.085021 0.130461 0.0586205 0.314674
9.996E-05 9.996E-05 9.996E-05 0.9995 9.996E-05 9.996E-05
9.9991E-05 0.26313 0.111896 0.0414532 0.0471385 0.536282
0.00867792 0.0347829 9.9991E-05 0.908303 0.0439802 0.00415553
9.9973E-05 0.0328627 9.9973E-05 0.925584 0.041253 9.9973E-05
0.0101396 0.0028954 9.9991E-05 0.969983 0.0158846 0.00099702
0.0035307 0.310933 0.152661 0.375175 0.0584084 0.0992917
9.9982E-05 0.00544098 9.9982E-05 0.956651 0.0144708 0.0232376
9.9973E-05 9.9973E-05 9.9973E-05 0.971275 0.0142438 0.0141817
0.00338483 0.00132764 0.00482501 9.9991E-05 0.980183 0.0101796
0.146324 0.00543688 0.847939 9.9973E-05 9.9973E-05 9.9973E-05
9.9991E-05 0.207871 0.087589 0.0418718 0.0675267 0.595041
9.9991E-05 0.285067 0.0525927 0.0658676 0.0393903 0.556982
9.996E-05 9.996E-05 9.996E-05 0.9995 9.996E-05 9.996E-05
9.996E-05 9.996E-05 9.996E-05 0.9995 9.996E-05 9.996E-05
9.996E-05 9.996E-05 9.996E-05 0.9995 9.996E-05 9.996E-05
9.996E-05 9.996E-05 9.996E-05 0.9995 9.996E-05 9.996E-05
9.996E-05 9.996E-05 9.996E-05 0.9995 9.996E-05 9.996E-05
9.996E-05 9.996E-05 9.996E-05 0.9995 9.996E-05 9.996E-05
9.9982E-05 0.0283323 9.9982E-05 0.949237 0.00133172 0.0208993
0.0835383 0.0761538 0.814073 9.9991E-05 0.00999405 0.0161407
0.0173486 9.9982E-05 9.9982E-05 0.963761 0.0181246 0.000565883
9.9982E-05 0.772157 9.9982E-05 0.158406 0.0202388 0.048998
9.9982E-05 0.754516 9.9982E-05 0.156979 0.00181325 0.0864912
9.9991E-05 0.557255 0.0109941 0.350168 0.0493897 0.0320935
9.9982E-05 0.803965 9.9982E-05 0.0628054 0.0101255 0.122904
9.9973E-05 0.741767 9.9973E-05 0.1716 9.9973E-05 0.0863337
9.9982E-05 0.769746 9.9982E-05 0.080981 0.0152785 0.133794
9.9991E-05 0.223714 0.106783 0.0307281 0.0405197 0.598155
9.9973E-05 0.710872 9.9973E-05 0.16692 9.9973E-05 0.121907
0.0416855 0.0278021 0.0686687 0.653522 0.0944968 0.113825
9.9982E-05 0.00691249 0.908518 0.0233835 9.9982E-05 0.0609858
0.0261701 0.382118 0.476257 0.0323927 0.00055782 0.0825052
9.9982E-05 0.845404 9.9982E-05 0.0526588 0.0122593 0.0894775
9.9964E-05 9.9964E-05 9.9964E-05 0.997665 9.9964E-05 0.00193477
9.9982E-05 0.781362 9.9982E-05 0.0733663 0.0284713 0.116601
9.9982E-05 0.782025 9.9982E-05 0.0709562 0.0228826 0.123936
9.996E-05 9.996E-05 9.996E-05 0.9995 9.996E-05 9.996E-05
9.9964E-05 9.9964E-05 9.9964E-05 0.990314 9.9964E-05 0.00928593
9.9982E-05 0.763829 9.9982E-05 0.137204 0.00132972 0.0974377
9.99649E-05 9.99649E-05 9.99649E-05 0.564004 9.99649E-05 0.435596
9.996E-05 9.996E-05 9.996E-05 0.9995 9.996E-05 9.996E-05
9.99912E-05 0.0891524 0.0170068 0.541733 0.0213222 0.330685
0.0293291 0.970271 9.9964E-05 9.9964E-05 9.9964E-05 9.9964E-05
9.9973E-05 9.9973E-05 0.888058 0.0286013 9.9973E-05 0.0830405
0.02655 0.0421723 0.919751 9.9982E-05 0.0113264 9.9982E-05
9.9982E-05 9.9982E-05 0.050134 0.869365 0.0183944 0.0619066
0.175684 0.0466465 9.9982E-05 9.9982E-05 0.0186595 0.75881
0.0882615 0.0417167 9.9982E-05 9.9982E-05 0.0147877 0.855034
0.0107913 0.893273 0.0775529 9.9991E-05 0.00978059 0.00850202
9.9991E-05 0.00105278 0.192582 0.0562287 0.120815 0.629222
9.9982E-05 9.9982E-05 0.186763 0.0433196 0.109693 0.660025
0.00318363 0.049593 0.0453524 0.0403604 0.0802465 0.781264
9.9991E-05 0.882867 0.00382693 0.000763115 0.0223285 0.0901142
9.9964E-05 0.989799 9.9964E-05 9.9964E-05 9.9964E-05 0.00980113
0.156051 0.0420699 0.0149926 9.9991E-05 0.0173904 0.769396
0.0507553 0.948845 9.9964E-05 9.9964E-05 9.9964E-05 9.9964E-05
0.202172 0.0498098 9.9973E-05 9.9973E-05 9.9973E-05 0.747718
0.058668 0.247159 0.213227 0.0614839 0.0788183 0.340644
9.9973E-05 9.9973E-05 9.9973E-05 0.961112 0.0106137 0.0279748
0.0110638 0.984201 9.9982E-05 0.00280452 9.9982E-05 0.00173107
9.9991E-05 0.0361172 0.201911 0.0906488 0.112503 0.558719
9.9964E-05 0.924475 9.9964E-05 9.9964E-05 9.9964E-05 0.0751249
9.9991E-05 0.0525224 0.170666 0.0557964 0.0902304 0.630685
9.9982E-05 0.725755 9.9982E-05 0.216534 0.00294902 0.054562
9.9964E-05 0.969476 9.9964E-05 9.9964E-05 9.9964E-05 0.0301237
9.9991E-05 0.0709705 0.0120081 0.0327006 0.0599392 0.824282
9.9973E-05 9.9973E-05 9.9973E-05 0.0162073 0.912645 0.0708477
9.9973E-05 9.9973E-05 9.9973E-05 0.0130005 0.975629 0.011071
9.996E-05 9.996E-05 9.996E-05 9.996E-05 0.9995 9.996E-05
0.0266468 0.0105646 0.0469682 0.0808691 0.765379 0.0695728
0.00932798 0.0360851 0.814329 0.122508 0.0176501 9.9991E-05
0.824369 0.0426327 0.0736111 9.9982E-05 9.9982E-05 0.0591868
0.00625224 0.0624241 9.9982E-05 9.9982E-05 0.0421871 0.888937
0.139169 0.814771 0.034889 9.9991E-05 0.00437842 0.00669255
9.9973E-05 0.972867 9.9973E-05 9.9973E-05 0.0101871 0.0166458
9.996E-05 9.996E-05 9.996E-05 9.996E-05 9.996E-05 0.9995
9.996E-05 9.996E-05 9.996E-05 9.996E-05 9.996E-05 0.9995
0.16021 0.321409 0.451188 0.0163807 0.00443606 0.046376
0.0554001 0.00252342 0.0353187 0.0173893 0.0612693 0.828099
0.0615623 0.0302755 0.805861 0.0147576 0.0292309 0.0583122
0.0936666 0.620349 0.157041 9.9991E-05 0.0448605 0.0839826
0.283155 0.0308368 0.608942 0.00138656 0.0145017 0.0611783
0.041515 9.9973E-05 0.940732 9.9973E-05 9.9973E-05 0.0174534
9.996E-05 9.996E-05 9.996E-05 9.996E-05 9.996E-05 0.9995
0.213049 9.9991E-05 0.686393 0.0198192 0.0307296 0.0499084
0.0394649 0.00507697 0.932871 9.9982E-05 9.9982E-05 0.022387
9.9991E-05 0.0184882 0.09657 0.0758169 0.0717836 0.737241
9.996E-05 9.996E-05 9.996E-05 9.996E-05 9.996E-05 0.9995
0.9995 9.996E-05 9.996E-05 9.996E-05 9.996E-05 9.996E-05
0.826258 9.9973E-05 0.153584 9.9973E-05 9.9973E-05 0.0198582
0.187325 0.0822967 9.9982E-05 9.9982E-05 0.0148737 0.715304
0.190613 9.9964E-05 0.808987 9.9964E-05 9.9964E-05 9.9964E-05
0.110974 0.0634259 9.9973E-05 9.9973E-05 9.9973E-05 0.825301
0.0058727 0.0113769 0.0126886 0.0506034 0.0590569 0.860402
0.114038 0.152957 0.732705 9.9973E-05 9.9973E-05 9.9973E-05
0.185731 0.0453401 0.710761 9.9991E-05 0.0410637 0.0170048
0.171135 0.0416022 0.723553 9.9991E-05 0.0347825 0.0288269
0.30284 0.209098 0.277259 0.00670455 0.0618523 0.142246
0.960671 9.9973E-05 0.0340458 9.9973E-05 0.00498308 9.9973E-05
0.974652 9.9982E-05 0.0190115 9.9982E-05 0.000281955 0.00585435
0.9995 9.996E-05 9.996E-05 9.996E-05 9.996E-05 9.996E-05
0.904533 0.0623306 9.9991E-05 0.0116031 0.0181249 0.00330801
0.00408386 0.019095 0.0148089 0.0412428 0.0622805 0.858489
0.954505 9.9973E-05 0.0373125 0.00788211 9.9973E-05 9.9973E-05
9.99646E-05 0.414556 9.99646E-05 9.99646E-05 9.99646E-05 0.585044
9.996E-05 9.996E-05 9.996E-05 9.996E-05 9.996E-05 0.9995
0.153267 0.184709 0.661724 9.9973E-05 9.9973E-05 9.9973E-05
0.0304198 0.957976 9.9982E-05 0.00326133 9.9982E-05 0.00814297
9.996E-05 9.996E-05 9.996E-05 9.996E-05 9.996E-05 0.9995
0.00132814 0.998272 9.9964E-05 9.9964E-05 9.9964E-05 9.9964E-05
9.996E-05 0.9995 9.996E-05 9.996E-05 9.996E-05 9.996E-05
9.9964E-05 0.998859 9.9964E-05 9.9964E-05 0.000741095 9.9964E-05
0.00698715 0.989616 9.9973E-05 0.00309659 9.9973E-05 9.9973E-05
9.9973E-05 0.980586 0.00603256 9.9973E-05 0.0130814 9.9973E-05
0.0568468 0.942753 9.9964E-05 9.9964E-05 9.9964E-05 9.9964E-05
0.0759134 9.9964E-05 0.923687 9.9964E-05 9.9964E-05 9.9964E-05
9.996E-05 0.9995 9.996E-05 9.996E-05 9.996E-05 9.996E-05
0.0866479 0.882734 0.0150992 0.00336934 0.0120494 9.9991E-05
0.99924 0.000360263 9.9964E-05 9.9964E-05 9.9964E-05 9.9964E-05
0.9995 9.996E-05 9.996E-05 9.996E-05 9.996E-05 9.996E-05
0.0364655 0.908037 0.0372169 0.00587014 0.01231 9.9991E-05
0.00272501 0.972143 0.0248323 9.9973E-05 9.9973E-05 9.9973E-05
0.0293515 0.893783 0.0682625 9.9982E-05 0.00840346 9.9982E-05
0.0214022 0.961192 0.0161394 0.00106616 9.9982E-05 9.9982E-05
9.996E-05 0.9995 9.996E-05 9.996E-05 9.996E-05 9.996E-05
9.9991E-05 0.0100745 0.219136 0.0558988 0.12106 0.593731
0.163797 0.32886 0.492201 9.9982E-05 9.9982E-05 0.0149418
9.996E-05 9.996E-05 9.996E-05 9.996E-05 9.996E-05 0.9995
9.996E-05 9.996E-05 9.996E-05 9.996E-05 9.996E-05 0.9995
0.191574 0.0305788 0.679731 9.9991E-05 0.0319785 0.066038
0.123622 0.0630286 0.553104 0.0230242 0.0649966 0.172224
0.00337908 0.0241329 0.0529466 0.0509685 0.0492883 0.819285
9.9991E-05 0.0410284 0.18941 0.0821968 0.0862857 0.600979
9.9991E-05 0.0269247 0.507614 0.0811459 0.0167409 0.367474
0.00747394 0.000339298 0.0943554 0.0221349 0.102918 0.772778
9.996E-05 9.996E-05 9.996E-05 9.996E-05 9.996E-05 0.9995
9.9991E-05 0.13505 0.123365 0.0189214 0.0587714 0.663792
0.132055 0.0366831 0.0130001 9.9982E-05 9.9982E-05 0.818062
9.9991E-05 0.0136687 0.101768 0.0676467 0.0514012 0.765415
0.0629652 0.021006 9.9982E-05 9.9982E-05 0.0154013 0.900428
9.9991E-05 0.547828 0.293024 0.0603859 0.00100413 0.0976581
9.996E-05 9.996E-05 9.996E-05 9.996E-05 9.996E-05 0.9995
9.996E-05 9.996E-05 9.996E-05 9.996E-05 9.996E-05 0.9995
0.0563093 0.011045 9.9982E-05 9.9982E-05 0.0113602 0.921086
0.0181749 0.0176089 0.0404122 0.0328242 0.0495743 0.841406
9.9991E-05 0.0124308 0.16737 0.0523076 0.118952 0.648839
9.9991E-05 0.0154149 0.0971502 0.109264 0.09754 0.680531
0.0566493 0.0256692 9.9982E-05 9.9982E-05 0.0176925 0.899789
0.0277327 0.0155222 0.0278312 0.0410102 0.0747427 0.813161
0.00526934 0.0121968 9.9973E-05 9.9973E-05 9.9973E-05 0.982234
0.0859748 9.9964E-05 0.913625 9.9964E-05 9.9964E-05 9.9964E-05
0.163372 0.3407 0.412299 0.011888 0.0195388 0.0522018
0.0927145 0.0585211 0.585845 0.0131942 0.0704987 0.179226
9.9964E-05 0.962023 9.9964E-05 9.9964E-05 9.9964E-05 0.0375771
9.9964E-05 0.947275 9.9964E-05 9.9964E-05 9.9964E-05 0.0523248
9.9973E-05 0.0595262 9.9973E-05 9.9973E-05 0.0248191 0.915355
9.9991E-05 0.713089 0.0836019 0.0206019 0.0338202 0.148787
9.9991E-05 0.0370175 0.0645975 0.0967223 0.0822102 0.719352
9.9991E-05 0.0125355 0.0828299 0.0955019 0.0804689 0.728564
0.0214843 0.026167 0.112704 0.406206 0.139863 0.293576
9.9991E-05 0.00462101 0.0923391 0.127248 0.100168 0.675524
9.9982E-05 9.9982E-05 0.201946 0.0349482 0.125572 0.637334
9.996E-05 9.996E-05 9.996E-05 9.996E-05 9.996E-05 0.9995
9.996E-05 9.996E-05 9.996E-05 9.996E-05 9.996E-05 0.9995
9.996E-05 9.996E-05 9.996E-05 9.996E-05 9.996E-05 0.9995
9.996E-05 9.996E-05 9.996E-05 9.996E-05 9.996E-05 0.9995
9.99917E-05 0.0696967 0.195747 0.1119 0.114077 0.50848
0.0378002 0.856331 0.072453 9.9982E-05 9.9982E-05 0.0332161
0.00739802 0.0769516 0.19945 0.0843589 0.111527 0.520315
9.9973E-05 0.902012 9.9973E-05 9.9973E-05 0.000402598 0.0972854
9.9973E-05 0.91477 9.9973E-05 9.9973E-05 0.0005836 0.0843461
9.996E-05 9.996E-05 9.996E-05 9.996E-05 9.996E-05 0.9995
0.0465967 9.9982E-05 0.941807 9.9982E-05 0.00680829 0.00458793
0.0576777 0.858144 0.0244143 0.00942613 0.0100433 0.0402945
9.9964E-05 0.999173 9.9964E-05 9.9964E-05 9.9964E-05 0.000427567
0.00611204 0.0081002 0.0973546 0.747158 0.075019 0.0662558
0.0911087 0.0433487 0.0798847 0.480215 0.0622194 0.243223
9.996E-05 9.996E-05 9.996E-05 0.9995 9.996E-05 9.996E-05
0.0847125 0.0497844 0.0767655 0.486258 0.0570551 0.245424
9.9982E-05 0.0421268 0.849221 0.0309736 9.9982E-05 0.0774792
9.9991E-05 0.0224891 0.118364 0.0995405 0.103538 0.655968
9.9964E-05 0.965063 9.9964E-05 9.9964E-05 9.9964E-05 0.0345373
0.0144364 9.9991E-05 0.00889392 0.0731714 0.0715968 0.831801
0.031468 0.0021719 0.146647 0.345619 0.0944382 0.379656
0.0294704 0.00219287 0.134551 0.352631 0.0914555 0.389699
0.834361 0.00876809 0.14546 9.9991E-05 0.00451277 0.00679845
9.9973E-05 9.9973E-05 9.9973E-05 0.986258 0.00267113 0.0107712
9.9982E-05 0.0473376 0.0148859 0.917301 9.9982E-05 0.0202753
9.9982E-05 9.9982E-05 0.0818762 0.794548 0.0472665 0.0761091
9.9973E-05 0.0170402 0.00456116 0.978099 9.9973E-05 9.9973E-05
9.9973E-05 9.9973E-05 0.000420177 0.998086 9.9973E-05 0.00119368
9.996E-05 9.996E-05 9.996E-05 0.9995 9.996E-05 9.996E-05
9.99761E-05 9.99761E-05 0.0680219 0.914247 0.0174311 9.99761E-05
9.996E-05 9.996E-05 9.996E-05 0.9995 9.996E-05 9.996E-05
9.9964E-05 9.9964E-05 0.0138718 0.985728 9.9964E-05 9.9964E-05
9.9964E-05 9.9964E-05 9.9964E-05 0.971689 9.9964E-05 0.0279115
9.9973E-05 9.9973E-05 0.00721079 0.991943 0.000546454 9.9973E-05
9.9991E-05 0.00522092 0.12224 0.702199 0.0689743 0.101266
9.996E-05 9.996E-05 9.996E-05 0.9995 9.996E-05 9.996E-05
9.996E-05 9.996E-05 9.996E-05 0.9995 9.996E-05 9.996E-05
0.0391385 0.181735 0.0084408 0.521309 0.026469 0.222908
9.996E-05 9.996E-05 9.996E-05 0.9995 9.996E-05 9.996E-05
0.00139135 9.9982E-05 0.00419964 0.993595 0.000614013 9.9982E-05
9.9964E-05 9.9964E-05 9.9964E-05 0.990017 9.9964E-05 0.00958347
9.9991E-05 0.0363642 0.120816 0.627114 0.0541781 0.161427
9.9964E-05 9.9964E-05 9.9964E-05 0.978997 9.9964E-05 0.0206035
0.00596837 9.9964E-05 9.9964E-05 0.993632 9.9964E-05 9.9964E-05
9.9991E-05 0.0238379 0.143021 0.694089 0.0895904 0.0493619
0.0713122 0.108366 0.329515 0.07212 0.142338 0.27635
9.9964E-05 0.000490844 9.9964E-05 0.999109 9.9964E-05 9.9964E-05
0.00799493 0.264561 9.9991E-05 0.307385 0.0447856 0.375174
9.996E-05 9.996E-05 9.996E-05 0.9995 9.996E-05 9.996E-05
9.996E-05 9.996E-05 9.996E-05 0.9995 9.996E-05 9.996E-05
9.9964E-05 9.9964E-05 0.00219665 0.997403 9.9964E-05 9.9964E-05
9.9964E-05 9.9964E-05 0.0162946 0.983306 9.9964E-05 9.9964E-05
9.996E-05 9.996E-05 9.996E-05 0.9995 9.996E-05 9.996E-05
0.0326575 9.9991E-05 0.00182764 0.852768 0.0565645 0.0560821
9.9991E-05 0.0132062 0.145542 0.701749 0.0616846 0.0777182
9.9991E-05 0.190929 0.0768076 0.0278585 0.0669948 0.63731
9.996E-05 9.996E-05 9.996E-05 0.9995 9.996E-05 9.996E-05
0.00160439 0.00279498 9.9982E-05 0.993651 9.9982E-05 0.00174926
9.996E-05 9.996E-05 9.996E-05 0.9995 9.996E-05 9.996E-05
9.996E-05 9.996E-05 9.996E-05 0.9995 9.996E-05 9.996E-05
9.9991E-05 0.196557 0.164873 0.270528 0.0267558 0.341187
9.9991E-05 0.0159531 0.0125787 0.940254 0.00627867 0.0248359
9.9973E-05 9.9973E-05 0.0258306 0.955911 0.0179583 9.9973E-05
9.996E-05 9.996E-05 9.996E-05 0.9995 9.996E-05 9.996E-05
0.0607747 0.372796 0.169876 0.0901014 0.0360551 0.270398
0.0462106 0.291756 0.243651 0.16636 0.180124 0.0718986
9.9991E-05 0.278662 0.102314 0.185682 0.0353023 0.39794
9.9991E-05 0.0077771 0.118185 0.117381 0.101677 0.65488
0.0245716 0.06684 9.9982E-05 9.9982E-05 0.0596134 0.848775
0.00616762 0.0150254 0.154833 0.658864 0.100266 0.0648447
9.9982E-05 9.9982E-05 0.0937273 0.773053 0.0702911 0.0627281
9.9982E-05 9.9982E-05 0.0723503 0.839698 0.0319193 0.0558327
9.9982E-05 9.9982E-05 0.102113 0.752544 0.044399 0.100744
9.9991E-05 0.319048 0.0807093 0.0769066 0.0375817 0.485655
9.9991E-05 0.0293664 0.160497 0.673356 0.0669868 0.0696937
0.186728 0.197532 0.533632 9.9991E-05 0.0375258 0.0444824
9.9991E-05 0.0774472 0.55886 0.0279848 0.00432393 0.331284
9.9991E-05 0.119098 0.111754 0.00978747 0.0552698 0.703991
9.9991E-05 0.0887503 0.124528 0.464278 0.220495 0.101848
9.9991E-05 0.25639 0.134268 0.0403326 0.0630679 0.505841
9.9973E-05 0.00936289 0.496013 9.9973E-05 0.494324 9.9973E-05
0.0358138 0.00666878 0.0550665 0.0821334 0.755531 0.0647861
9.9991E-05 0.234089 0.167 0.0171131 0.0172396 0.564458
9.9991E-05 0.101049 0.129971 0.461895 0.180696 0.126289
0.00506244 0.0266732 0.161391 0.65452 0.0804283 0.0719256
9.9991E-05 0.0454642 0.149855 0.643247 0.0630377 0.0982962
0.168976 9.9964E-05 0.830624 9.9964E-05 9.9964E-05 9.9964E-05
0.0370086 0.954051 0.00864006 9.9973E-05 9.9973E-05 9.9973E-05
9.9964E-05 0.989392 9.9964E-05 9.9964E-05 9.9964E-05 0.0102079
0.166561 0.0341747 0.704533 9.9991E-05 0.0514943 0.0431377
0.138805 9.9964E-05 0.860796 9.9964E-05 9.9964E-05 9.9964E-05
0.105985 0.866783 0.026932 9.9973E-05 9.9973E-05 9.9973E-05
0.124143 9.9964E-05 0.875457 9.9964E-05 9.9964E-05 9.9964E-05
0.17859 0.436744 0.240496 0.0151083 0.032238 0.0968239
0.970247 9.9964E-05 0.0293527 9.9964E-05 9.9964E-05 9.9964E-05
0.0387316 0.921092 0.0036188 9.9991E-05 0.0225129 0.0139446
0.145073 0.550957 0.26911 0.0263865 0.00164233 0.00683085
9.9982E-05 0.728729 0.237968 9.9982E-05 0.0329859 0.000117127
9.996E-05 9.996E-05 9.996E-05 9.996E-05 9.996E-05 0.9995
9.9982E-05 9.9982E-05 0.203017 0.0279436 0.12512 0.64372
0.00825883 0.973906 0.0167039 9.9982E-05 9.9982E-05 0.00093168
9.9964E-05 0.973589 9.9964E-05 9.9964E-05 9.9964E-05 0.0260107
9.9964E-05 0.00111508 9.9964E-05 9.9964E-05 0.998485 9.9964E-05
9.9964E-05 9.9964E-05 9.9964E-05 9.9964E-05 0.995041 0.00455956
9.9982E-05 0.0163457 9.9982E-05 0.0116492 0.914938 0.0568672
9.9982E-05 0.0141623 9.9982E-05 0.0114825 0.955107 0.0190483
9.9973E-05 9.9973E-05 9.9973E-05 0.0209094 0.959509 0.0192821
9.9964E-05 9.9964E-05 0.0036296 9.9964E-05 0.995971 9.9964E-05
0.000343376 0.109627 0.162527 0.231395 0.473789 0.0223179
9.9973E-05 9.9973E-05 0.885412 0.0376986 9.9973E-05 0.0765892
9.9964E-05 9.9964E-05 9.9964E-05 0.00749092 0.992109 9.9964E-05
9.996E-05 9.996E-05 9.996E-05 9.996E-05 0.9995 9.996E-05
9.996E-05 9.996E-05 9.996E-05 9.996E-05 0.9995 9.996E-05
9.9982E-05 0.250385 0.231387 9.9982E-05 0.469084 0.0489437
0.00723558 9.9973E-05 9.9973E-05 0.00194307 0.990521 9.9973E-05
9.996E-05 9.996E-05 9.996E-05 9.996E-05 0.9995 9.996E-05
9.996E-05 9.996E-05 9.996E-05 9.996E-05 0.9995 9.996E-05
9.996E-05 9.996E-05 9.996E-05 9.996E-05 0.9995 9.996E-05
9.9973E-05 9.9973E-05 9.9973E-05 0.0164535 0.939326 0.0439203
0.0799041 0.0631087 0.0887661 0.508671 0.060777 0.198773
0.0545158 0.820795 0.00342254 0.0117676 0.00823196 0.101267
0.167262 0.084217 0.724961 9.9991E-05 0.0217326 0.00172756
0.0507908 0.667507 0.227398 9.9991E-05 0.0227733 0.0314305
0.149429 0.233361 0.192522 0.255016 0.0909351 0.078737
0.137757 0.00266932 0.230531 0.302795 0.0959859 0.230263
0.125057 0.0188422 0.197436 0.351042 0.096432 0.21119
0.0491419 0.0698563 0.190711 0.176486 0.117827 0.395978
0.11229 0.0463301 0.189305 0.321563 0.0901645 0.240347
0.113738 0.0123279 0.190896 0.330103 0.103965 0.248969
0.10657 0.00884 0.184913 0.285882 0.0939308 0.319865
0.114736 0.0330911 0.235701 0.268151 0.113998 0.234322
0.0866888 0.052325 0.241271 0.285772 0.0599215 0.274021
0.0942167 0.0221673 0.271232 0.2868 0.0857078 0.239876
0.10439 0.0194388 0.237189 0.28149 0.105245 0.252247
0.114609 0.00585394 0.286124 0.263889 0.0794545 0.25007
