0.00426941 0.272118 0.577446 0.146167
9.998E-05 9.998E-05 0.9997 9.998E-05
9.998E-05 9.998E-05 0.9997 9.998E-05
9.998E-05 9.998E-05 0.9997 9.998E-05
9.998E-05 9.998E-05 0.9997 9.998E-05
9.998E-05 9.998E-05 0.9997 9.998E-05
0.0269263 0.59412 0.0615577 0.317396
9.9982E-05 0.00981917 9.9982E-05 0.989981
0.044028 9.9991E-05 0.0757108 0.880161
0.0379715 0.0849833 0.0785225 0.798523
9.9982E-05 0.0114786 9.9982E-05 0.988321
0.00170621 9.9991E-05 0.0556497 0.942544
0.0319602 0.0299549 0.0445 0.893585
0.0598103 0.0339489 0.115197 0.791044
9.999E-05 0.0606378 0.0101159 0.929146
9.998E-05 9.998E-05 9.998E-05 0.9997
9.9982E-05 0.0212751 9.9982E-05 0.978525
9.998E-05 9.998E-05 9.998E-05 0.9997
9.998E-05 9.998E-05 9.998E-05 0.9997
9.998E-05 9.998E-05 9.998E-05 0.9997
0.0652932 9.9991E-05 0.0846145 0.849992
9.998E-05 9.998E-05 9.998E-05 0.9997
9.998E-05 9.998E-05 9.998E-05 0.9997
9.9991E-05 0.0544923 0.0133094 0.932098
9.998E-05 9.998E-05 9.998E-05 0.9997
9.998E-05 9.998E-05 9.998E-05 0.9997
9.9982E-05 0.0366745 9.9982E-05 0.963126
9.998E-05 9.998E-05 9.998E-05 0.9997
9.9982E-05 9.9982E-05 0.00699443 0.992806
9.9982E-05 0.000281996 9.9982E-05 0.999518
9.9991E-05 0.922768 0.00754669 0.0695858
9.998E-05 9.998E-05 9.998E-05 0.9997
9.998E-05 9.998E-05 9.998E-05 0.9997
9.9982E-05 0.00241901 9.9982E-05 0.997381
9.9982E-05 0.0189862 9.9982E-05 0.980814
9.9982E-05 0.0211745 9.9982E-05 0.978626
9.9991E-05 0.0513386 0.0155679 0.932993
0.0661143 9.9991E-05 0.104689 0.829097
9.9982E-05 0.982574 9.9982E-05 0.0172262
9.9982E-05 0.00464821 9.9982E-05 0.995152
9.9991E-05 0.0260251 0.00363971 0.970235
0.0235512 0.832893 0.0759463 0.0676094
0.048221 0.0929577 0.0724025 0.786419
0.0366067 0.808543 0.0658595 0.0889905
9.9982E-05 0.00302374 9.9982E-05 0.996776
0.0898743 0.0193196 0.0559032 0.834903
9.9991E-05 0.74845 0.0266782 0.224772
0.000158672 0.87219 0.0158845 0.111767
9.9982E-05 0.0223334 9.9982E-05 0.977467
9.9991E-05 0.0925018 0.0375482 0.86985
0.098364 0.0561012 0.0774269 0.768108
9.998E-05 9.998E-05 9.998E-05 0.9997
0.0938069 9.9991E-05 0.0666541 0.839439
9.9982E-05 0.0313534 9.9982E-05 0.968447
0.146324 0.491019 0.10423 0.258427
9.9982E-05 9.9982E-05 0.00631304 0.993487
0.9997 9.998E-05 9.998E-05 9.998E-05
0.93386 0.02504 0.0123224 0.0287773
0.169455 0.104874 9.9991E-05 0.725571
9.9982E-05 0.030387 9.9982E-05 0.969413
0.489788 0.261981 0.0640117 0.184219
0.0537021 0.0276221 0.0871394 0.831536
0.12256 0.139999 0.0885868 0.648854
0.0792502 0.145058 0.129444 0.646248
0.040165 0.0719263 0.0947729 0.793136
0.0521742 0.035198 0.0591039 0.853524
0.0760823 9.9991E-05 0.108321 0.815497
0.0619006 0.0961747 0.075055 0.76687
0.0569682 0.0900083 0.0967991 0.756224
0.105876 0.533284 0.0238771 0.336963
0.0664829 0.572639 0.0480572 0.312821
0.0268273 0.877724 0.0500781 0.0453703
9.998E-05 0.9997 9.998E-05 9.998E-05
9.9991E-05 0.920278 0.00118929 0.0784332
0.0210047 0.851812 0.0739268 0.053257
9.9991E-05 0.828582 0.0283425 0.142976
0.0609465 0.82195 0.062781 0.0543221
9.9982E-05 0.0183134 9.9982E-05 0.981487
9.998E-05 9.998E-05 9.998E-05 0.9997
9.998E-05 0.9997 9.998E-05 9.998E-05
0.00568501 0.0121664 0.954031 0.0281173
0.0146224 0.00130181 0.974303 0.0097733
9.9991E-05 0.029291 0.966724 0.00388479
0.0161964 0.0231589 0.960545 9.9991E-05
9.9982E-05 0.0450961 0.954704 9.9982E-05
0.00944584 0.0486319 0.913591 0.0283308
0.0270824 0.121581 0.849746 0.00159123
0.0265371 0.118427 0.843491 0.0115446
9.9991E-05 0.0550627 0.904589 0.0402483
0.00452328 0.0152597 0.980117 9.9991E-05
9.9982E-05 0.00129343 0.998507 9.9982E-05
9.998E-05 9.998E-05 0.9997 9.998E-05
9.998E-05 9.998E-05 0.9997 9.998E-05
0.00909701 0.0179285 0.972875 9.9991E-05
0.00921978 0.0261177 0.964562 9.9991E-05
0.0201324 0.0677793 0.891417 0.0206713
0.0105924 0.0664088 0.910271 0.012728
9.998E-05 9.998E-05 0.9997 9.998E-05
9.9982E-05 0.0213252 0.978475 9.9982E-05
0.00824464 0.0834275 0.908228 9.9991E-05
9.9982E-05 0.00128379 0.998516 9.9982E-05
9.998E-05 9.998E-05 0.9997 9.998E-05
9.998E-05 9.998E-05 0.9997 9.998E-05
9.998E-05 9.998E-05 0.9997 9.998E-05
0.000424589 9.9982E-05 0.999375 9.9982E-05
0.00240573 9.9991E-05 0.99525 0.00224424
9.998E-05 9.998E-05 0.9997 9.998E-05
0.00275106 9.9982E-05 0.997049 9.9982E-05
9.998E-05 9.998E-05 0.9997 9.998E-05
9.998E-05 9.998E-05 0.9997 9.998E-05
0.00865721 0.0115105 0.960637 0.0191954
0.0156453 0.0139648 0.942636 0.0277534
0.0174149 0.01318 0.950919 0.0184857
0.0288186 9.9991E-05 0.597108 0.373974
0.0166499 9.9991E-05 0.615468 0.367782
9.998E-05 9.998E-05 0.9997 9.998E-05
9.9982E-05 0.0214207 0.978379 9.9982E-05
9.9991E-05 0.0312836 0.968371 0.000245247
9.9982E-05 9.9982E-05 0.98151 0.01829
9.998E-05 9.998E-05 0.9997 9.998E-05
9.998E-05 9.998E-05 0.9997 9.998E-05
0.0229295 9.9991E-05 0.6093 0.367671
9.998E-05 9.998E-05 0.9997 9.998E-05
0.0127559 0.0218656 0.922426 0.0429522
0.00995322 0.0734317 0.91198 0.00463505
0.0213639 0.000577899 0.964015 0.014043
0.00744921 0.0114796 0.980971 9.9991E-05
9.9982E-05 0.00461243 0.995188 9.9982E-05
9.9982E-05 0.0292763 0.970524 9.9982E-05
0.0126575 0.0176897 0.965267 0.00438579
9.9982E-05 0.0119251 0.987875 9.9982E-05
0.0215392 0.0593646 0.908002 0.0110938
9.9982E-05 0.0873929 0.912407 9.9982E-05
0.0182408 9.9991E-05 0.611191 0.370469
9.998E-05 9.998E-05 0.9997 9.998E-05
9.9982E-05 0.0156999 0.9841 9.9982E-05
0.202907 0.171708 0.0415878 0.583797
9.9991E-05 0.010469 0.957586 0.0318448
9.998E-05 9.998E-05 0.9997 9.998E-05
9.998E-05 9.998E-05 0.9997 9.998E-05
0.0823783 0.0680714 0.768469 0.0810818
0.0123724 0.0320159 0.935388 0.0202238
9.998E-05 9.998E-05 0.9997 9.998E-05
9.998E-05 9.998E-05 0.9997 9.998E-05
0.0253342 0.0111661 0.9634 9.9991E-05
9.998E-05 9.998E-05 0.9997 9.998E-05
9.998E-05 9.998E-05 0.9997 9.998E-05
9.998E-05 9.998E-05 0.9997 9.998E-05
9.998E-05 9.998E-05 0.9997 9.998E-05
9.998E-05 9.998E-05 0.9997 9.998E-05
9.998E-05 9.998E-05 0.9997 9.998E-05
9.998E-05 9.998E-05 0.9997 9.998E-05
9.998E-05 9.998E-05 0.9997 9.998E-05
0.0776327 9.9991E-05 0.127888 0.79438
0.0579524 0.0968096 0.0782492 0.766989
9.998E-05 9.998E-05 0.9997 9.998E-05
9.9982E-05 0.00068036 0.99912 9.9982E-05
9.998E-05 9.998E-05 0.9997 9.998E-05
0.0126241 9.9991E-05 0.960981 0.0262953
0.0771887 0.00489853 0.113254 0.804658
0.0156622 0.0141146 0.970123 9.9991E-05
9.9982E-05 0.0137131 0.986087 9.9982E-05
0.0306079 0.0100595 0.952804 0.00652878
9.9982E-05 0.0209543 0.978846 9.9982E-05
9.9982E-05 0.0191051 0.980695 9.9982E-05
0.0028193 0.00877684 0.977862 0.0105415
9.998E-05 9.998E-05 0.9997 9.998E-05
9.9982E-05 0.00325609 0.996544 9.9982E-05
9.998E-05 9.998E-05 0.9997 9.998E-05
9.998E-05 9.998E-05 0.9997 9.998E-05
9.998E-05 9.998E-05 0.9997 9.998E-05
0.0467149 0.0242653 0.0921135 0.836906
9.998E-05 9.998E-05 0.9997 9.998E-05
9.998E-05 9.998E-05 0.9997 9.998E-05
0.000523457 0.0300906 0.963337 0.00604912
0.0216961 9.9991E-05 0.585015 0.393189
9.998E-05 9.998E-05 0.9997 9.998E-05
0.0359305 0.0313271 0.484644 0.448098
0.00110449 9.9982E-05 0.998696 9.9982E-05
0.0512667 0.523031 0.0494529 0.376249
0.9997 9.998E-05 9.998E-05 9.998E-05
0.102978 9.9991E-05 0.119488 0.777434
0.989006 9.9982E-05 0.0107942 9.9982E-05
0.99291 9.9991E-05 0.00312738 0.00386304
0.948417 0.00567139 0.0128645 0.0330466
0.738108 0.0811947 0.0669429 0.113754
0.501808 0.018083 9.9991E-05 0.480009
0.995869 9.9982E-05 0.00393129 9.9982E-05
0.985362 9.9982E-05 0.0144383 9.9982E-05
0.13415 0.32745 0.0629331 0.475468
0.9997 9.998E-05 9.998E-05 9.998E-05
0.0451683 0.551062 0.0548004 0.348969
0.91501 0.0112769 0.0395663 0.0341471
0.925783 0.00108122 0.0447684 0.0283677
0.972757 0.00167947 0.0254632 9.9991E-05
0.388524 0.108292 0.0665345 0.43665
0.952566 0.0310021 0.0114908 0.00494132
0.972674 0.0133908 0.0138356 9.9991E-05
9.9991E-05 0.00434732 0.989368 0.00618484
0.091697 9.9991E-05 0.0888386 0.819364
0.047132 0.616703 0.0704709 0.265694
0.0678507 0.565116 0.0440644 0.322969
0.9997 9.998E-05 9.998E-05 9.998E-05
0.9997 9.998E-05 9.998E-05 9.998E-05
0.9997 9.998E-05 9.998E-05 9.998E-05
0.9997 9.998E-05 9.998E-05 9.998E-05
0.9997 9.998E-05 9.998E-05 9.998E-05
0.9997 9.998E-05 9.998E-05 9.998E-05
0.95259 0.0264788 0.00329975 0.017631
0.0564276 0.0245023 0.098572 0.820498
0.964126 0.00833013 0.0183374 0.00920685
0.143326 0.0734165 0.0113253 0.771932
0.138649 0.108701 9.9991E-05 0.752551
0.331084 0.05973 0.0413606 0.567825
0.0492706 0.141796 9.9991E-05 0.808833
0.158531 0.117895 9.9991E-05 0.723474
0.0668713 0.15706 0.00326585 0.772803
0.0365999 0.612868 0.0495589 0.300973
0.142795 0.149185 9.9991E-05 0.70792
0.663347 0.121534 0.105684 0.109436
0.140186 0.0755421 0.0474113 0.736861
0.0743948 0.102828 0.0443197 0.778458
0.033189 0.117554 9.9991E-05 0.849157
0.995102 0.00469842 9.9982E-05 9.9982E-05
0.0553069 0.146771 0.0176642 0.780258
0.0504892 0.157556 0.0116252 0.780329
0.9997 9.998E-05 9.998E-05 9.998E-05
0.99732 0.00247996 9.9982E-05 9.9982E-05
0.12082 0.133018 9.9991E-05 0.746062
0.560772 0.439028 9.99825E-05 9.99825E-05
0.9997 9.998E-05 9.998E-05 9.998E-05
0.529536 0.359238 0.0279994 0.0832269
9.998E-05 9.998E-05 9.998E-05 0.9997
0.132451 0.0929007 0.0608938 0.713755
0.0754969 9.9991E-05 0.114622 0.809781
0.874803 0.0730863 0.0245632 0.0275476
9.9991E-05 0.785741 0.0293575 0.184801
9.9991E-05 0.876281 0.0131179 0.110501
9.9982E-05 0.0233892 9.9982E-05 0.976411
0.0749252 0.648126 0.134473 0.142477
0.0599368 0.678432 0.134964 0.126667
0.0419086 0.796456 0.0878634 0.0737719
9.9991E-05 0.106315 0.00512653 0.888458
9.9982E-05 0.0275043 9.9982E-05 0.972296
9.9991E-05 0.789622 0.0236423 0.186635
9.998E-05 9.998E-05 9.998E-05 0.9997
9.9991E-05 0.786044 0.00239748 0.211459
0.0828113 0.354558 0.0974804 0.465151
0.960242 0.0278531 0.0118051 9.9991E-05
9.9982E-05 0.0116555 9.9982E-05 0.988145
0.107005 0.570885 0.133034 0.189076
9.9982E-05 0.092623 9.9982E-05 0.907177
0.0696192 0.648991 0.105648 0.175742
0.197925 0.0887915 9.9991E-05 0.713183
9.9982E-05 0.0358793 9.9982E-05 0.963921
0.0326981 0.828684 0.0576079 0.0810097
0.00969246 0.0737544 0.916453 9.9991E-05
0.0102593 0.0121861 0.977455 9.9991E-05
9.998E-05 9.998E-05 0.9997 9.998E-05
0.0903776 0.0715049 0.772739 0.0653788
0.215165 9.9991E-05 0.0880449 0.69669
0.0322942 0.132112 0.0682376 0.767356
9.9991E-05 0.895812 0.0467983 0.0572894
9.9991E-05 0.0393704 0.00200771 0.958522
9.9982E-05 0.0367411 9.9982E-05 0.963059
9.998E-05 0.9997 9.998E-05 9.998E-05
9.998E-05 0.9997 9.998E-05 9.998E-05
0.0624642 0.0654971 0.0540339 0.818005
0.0158258 0.851867 0.0660594 0.0662479
0.10351 0.0513618 0.120046 0.725082
9.9991E-05 0.111769 0.0568145 0.831316
0.0767065 0.0839468 0.0923199 0.747027
0.0910492 0.0203856 0.101358 0.787207
9.998E-05 0.9997 9.998E-05 9.998E-05
0.108677 0.0644963 0.113259 0.713567
0.0874093 0.0277382 0.0955067 0.789346
0.0858486 0.751621 0.0793498 0.0831805
9.998E-05 0.9997 9.998E-05 9.998E-05
0.0513455 0.0558767 0.0608421 0.831936
0.0497758 0.096174 0.0723802 0.78167
9.9991E-05 0.743632 0.0328028 0.223465
0.0471803 9.9991E-05 0.0958136 0.856906
9.9982E-05 0.850447 9.9982E-05 0.149353
0.0510556 0.864479 0.0640356 0.0204303
0.0703074 0.014016 0.0498379 0.865839
0.0781003 0.021895 0.126406 0.773598
0.0793503 0.0291597 0.132388 0.759102
0.0527398 0.164149 0.102759 0.680352
0.0662496 0.0492071 0.0914559 0.793087
0.0323505 0.0880804 0.0835702 0.795999
0.052417 0.0772234 0.0707529 0.799607
0.0650204 0.0740307 0.087208 0.773741
0.0422825 0.87081 0.0605773 0.0263299
0.0611725 0.0623084 0.0748649 0.801654
9.99823E-05 0.600702 9.99823E-05 0.399099
9.998E-05 0.9997 9.998E-05 9.998E-05
0.0594498 9.9991E-05 0.0169577 0.923492
9.9982E-05 0.0220789 9.9982E-05 0.977721
9.998E-05 0.9997 9.998E-05 9.998E-05
9.9982E-05 0.00389122 9.9982E-05 0.995909
9.998E-05 9.998E-05 9.998E-05 0.9997
9.998E-05 9.998E-05 9.998E-05 0.9997
9.998E-05 9.998E-05 9.998E-05 0.9997
9.9982E-05 0.0109647 9.9982E-05 0.988835
9.998E-05 9.998E-05 9.998E-05 0.9997
0.0945953 0.0230697 0.0583997 0.823935
9.998E-05 9.998E-05 9.998E-05 0.9997
9.9991E-05 0.0111855 0.0056041 0.98311
0.0364679 0.0887577 0.0625301 0.812244
0.0690178 0.0677741 0.0655961 0.797612
9.9991E-05 0.00947429 0.0139029 0.976523
9.998E-05 9.998E-05 9.998E-05 0.9997
9.9982E-05 9.9982E-05 0.00353814 0.996262
9.998E-05 9.998E-05 9.998E-05 0.9997
9.998E-05 9.998E-05 9.998E-05 0.9997
0.0708901 0.607443 0.14428 0.177387
0.0334863 0.0442689 0.0573043 0.864941
9.998E-05 0.9997 9.998E-05 9.998E-05
9.998E-05 0.9997 9.998E-05 9.998E-05
0.0737956 0.0776261 0.113501 0.735078
0.0886746 0.182841 0.130919 0.597566
0.0416136 0.838991 0.056109 0.0632868
0.0979811 0.61405 0.102245 0.185724
0.135748 0.382264 0.0691727 0.412815
0.0303154 0.789772 0.108612 0.0713007
9.998E-05 0.9997 9.998E-05 9.998E-05
0.0202655 0.672776 0.0678533 0.239105
9.9982E-05 0.845837 9.9982E-05 0.153963
0.0732542 0.773649 0.0563174 0.0967798
9.9991E-05 0.920783 0.0144128 0.0647038
0.0843994 0.109887 0.0198671 0.785847
9.998E-05 0.9997 9.998E-05 9.998E-05
9.998E-05 0.9997 9.998E-05 9.998E-05
9.9991E-05 0.932488 0.0073024 0.0601094
0.0325091 0.85369 0.0548986 0.0589021
0.0664318 0.664442 0.129292 0.139834
0.118299 0.700473 0.106731 0.0744973
9.9991E-05 0.916597 0.0221491 0.061154
0.0393279 0.815976 0.0812555 0.0634402
9.9982E-05 0.987312 9.9982E-05 0.0124879
0.0940205 0.0173331 0.0624303 0.826216
0.0529004 0.069061 0.0674183 0.81062
0.0747779 0.188653 0.138096 0.598473
9.9982E-05 0.0440203 9.9982E-05 0.95578
9.9982E-05 0.0632988 9.9982E-05 0.936501
9.9991E-05 0.927316 0.0212059 0.0513777
0.0148524 0.15677 0.0416991 0.786678
0.0961511 0.736208 0.0887144 0.0789265
0.102522 0.751509 0.0815711 0.0643975
0.421198 0.307897 0.15312 0.117785
0.133342 0.689155 0.104506 0.072998
0.0528156 0.66022 0.149072 0.137893
9.998E-05 0.9997 9.998E-05 9.998E-05
9.998E-05 0.9997 9.998E-05 9.998E-05
9.998E-05 0.9997 9.998E-05 9.998E-05
9.998E-05 0.9997 9.998E-05 9.998E-05
0.128254 0.526028 0.134078 0.21164
9.9982E-05 0.0486026 9.9982E-05 0.951197
0.103627 0.535528 0.127458 0.233388
9.9982E-05 0.110243 9.9982E-05 0.889557
9.9982E-05 0.102291 9.9982E-05 0.897509
9.998E-05 0.9997 9.998E-05 9.998E-05
0.0854313 0.0103181 0.108877 0.795374
9.9991E-05 0.069412 0.00345696 0.927031
9.9982E-05 0.00923072 9.9982E-05 0.990569
0.766862 0.0671797 0.0810066 0.0849521
0.498274 0.256795 0.0756545 0.169276
0.9997 9.998E-05 9.998E-05 9.998E-05
0.501382 0.255442 0.0775977 0.165578
0.133658 0.0850683 0.0643397 0.716934
0.110453 0.679085 0.116353 0.0941088
9.9982E-05 0.0482721 9.9982E-05 0.951528
0.0763524 0.843554 0.0653074 0.0147859
0.366144 0.394604 0.107244 0.132007
0.365075 0.399624 0.111493 0.123808
0.0657152 0.0682735 0.0834055 0.782606
0.980938 0.0120952 0.00686717 9.9991E-05
0.919793 0.0291325 9.9991E-05 0.0509749
0.808921 0.0829652 0.0578576 0.0502564
0.984037 9.9982E-05 9.9982E-05 0.0157627
0.9997 9.998E-05 9.998E-05 9.998E-05
0.9997 9.998E-05 9.998E-05 9.998E-05
0.92665 9.9991E-05 0.0229306 0.0503196
0.9997 9.998E-05 9.998E-05 9.998E-05
0.998427 9.9982E-05 9.9982E-05 0.00137301
0.963557 0.0362432 9.9982E-05 9.9982E-05
0.991015 0.00610105 0.00278381 9.9991E-05
0.723305 0.0996418 0.0812448 0.0958086
0.9997 9.998E-05 9.998E-05 9.998E-05
0.9997 9.998E-05 9.998E-05 9.998E-05
0.516351 0.234508 0.0308913 0.21825
0.9997 9.998E-05 9.998E-05 9.998E-05
0.995793 9.9982E-05 0.00400731 9.9982E-05
0.992469 0.00733079 9.9982E-05 9.9982E-05
0.636779 0.179796 0.0609377 0.122487
0.982027 0.0177732 9.9982E-05 9.9982E-05
0.998061 9.9982E-05 0.00173947 9.9982E-05
0.716777 0.0532896 0.106773 0.123161
0.108391 0.292941 0.186415 0.412253
0.9997 9.998E-05 9.998E-05 9.998E-05
0.297048 0.392079 0.0407866 0.270086
0.9997 9.998E-05 9.998E-05 9.998E-05
0.9997 9.998E-05 9.998E-05 9.998E-05
0.9997 9.998E-05 9.998E-05 9.998E-05
0.995992 9.9982E-05 9.9982E-05 0.00380776
0.9997 9.998E-05 9.998E-05 9.998E-05
0.857611 0.0629511 0.0613354 0.0181021
0.720848 0.0869738 0.0720154 0.120162
0.0406169 0.645066 0.0696727 0.244645
0.9997 9.998E-05 9.998E-05 9.998E-05
0.997088 9.9982E-05 9.9982E-05 0.00271175
0.9997 9.998E-05 9.998E-05 9.998E-05
0.9997 9.998E-05 9.998E-05 9.998E-05
0.281322 0.365245 0.0433357 0.310097
0.944354 0.0258937 0.00475447 0.0249975
0.966675 9.9991E-05 0.021566 0.0116588
0.997097 0.00270348 9.9982E-05 9.9982E-05
0.101477 0.284121 0.0569324 0.557469
0.191308 0.0888329 0.193188 0.526672
0.192449 0.415748 0.0376712 0.354132
0.124719 0.674294 0.111778 0.0892083
9.9991E-05 0.854986 0.0563859 0.0885279
0.677055 0.0627146 0.120262 0.139969
0.787238 0.0723054 0.0776051 0.0628514
0.851608 0.0721461 0.0364226 0.0398228
0.775181 0.110897 0.0507784 0.0631437
0.0721704 0.501129 0.0429439 0.383757
0.692916 0.0809011 0.0809259 0.145257
0.0589639 0.0629796 0.107419 0.770638
0.0808901 0.337944 0.0587748 0.522391
0.0121445 0.720724 0.0630848 0.204047
0.465746 0.104118 0.238964 0.191173
0.0480005 0.519647 0.0682558 0.364097
0.0354937 9.9991E-05 0.569133 0.395274
0.0924734 0.0678762 0.768791 0.0708595
0.0272126 0.582518 0.0290641 0.361206
0.473246 0.141929 0.188593 0.196233
0.676838 0.0736514 0.0920458 0.157465
0.662909 0.0954465 0.0883485 0.153296
0.0727755 9.9991E-05 0.112193 0.814931
9.998E-05 9.998E-05 9.998E-05 0.9997
9.9982E-05 0.0259925 9.9982E-05 0.973808
0.0787473 0.0493447 0.135735 0.736173
0.104959 9.9991E-05 0.0756668 0.819275
9.9982E-05 0.0103368 9.9982E-05 0.989463
0.0877879 9.9991E-05 0.0681217 0.84399
0.0428107 0.117642 0.0617452 0.777802
0.0489207 0.0836066 0.0680584 0.799414
9.9991E-05 0.0293625 0.0119616 0.958576
0.0433833 0.0297235 0.0272026 0.899691
9.9991E-05 0.0163942 0.0423025 0.941203
9.998E-05 0.9997 9.998E-05 9.998E-05
0.0540594 0.667084 0.141305 0.137551
9.9982E-05 0.00827635 9.9982E-05 0.991524
9.9982E-05 0.0352967 9.9982E-05 0.964503
9.998E-05 9.998E-05 0.9997 9.998E-05
9.998E-05 9.998E-05 0.9997 9.998E-05
0.00947774 0.0669161 0.914276 0.00933042
0.0130327 0.015818 0.957474 0.0136754
0.012225 0.0263541 0.961321 9.9991E-05
0.000281342 0.00204667 0.997572 9.9991E-05
0.245714 0.0165081 0.497735 0.240043
0.143623 0.102272 0.057119 0.696986
0.00509619 9.9982E-05 0.994704 9.9982E-05
9.998E-05 9.998E-05 0.9997 9.998E-05
9.998E-05 9.998E-05 0.9997 9.998E-05
0.0120877 0.0513762 0.498514 0.438022
0.000262997 9.9991E-05 0.997112 0.00252531
9.998E-05 9.998E-05 0.9997 9.998E-05
9.998E-05 9.998E-05 0.9997 9.998E-05
9.998E-05 9.998E-05 0.9997 9.998E-05
0.00811894 0.0444876 0.947293 9.9991E-05
0.521915 0.216847 0.0697863 0.191451
0.00216201 0.125222 9.9991E-05 0.872516
0.06465 0.0156967 0.113114 0.80654
0.00264686 0.048962 0.0467799 0.901611
0.277924 0.104352 0.117639 0.500084
0.338283 0.252742 0.125096 0.283879
0.37507 0.243771 0.127823 0.253335
0.200704 0.407602 0.140263 0.251432
0.351354 0.260486 0.11396 0.2742
0.360344 0.267504 0.126085 0.246067
0.31348 0.347922 0.119363 0.219235
0.311163 0.250893 0.132824 0.305119
0.317396 0.293537 0.0943425 0.294725
0.323522 0.257788 0.113073 0.305618
0.303938 0.286451 0.129979 0.279632
0.297726 0.274714 0.121769 0.305791
